Along-track_distance(m) IS2_profile_filt(m) UAV_profile_filt(m) IS2_profile(m) UAV_profile(m)
1.5,-0.3414461,-0.4640108,563.2191,559.3851
2.5,-0.2963492,-0.4520094,563.2291,559.3661
3.5,-0.1981159,-0.4248853,563.2679,559.3361
4.5,-0.08473001,-0.5331883,563.2982,559.1453
5.5,-0.005531331,-0.5374257,563.2715,559.0341
6.5,0.1286659,-0.5614587,563.2784,558.88
7.5,0.1313497,-0.4434923,563.1339,558.8465
8.5,0.1520899,-0.1851408,562.9894,558.934
9.5,0.1888569,0.03273952,562.845,558.9636
10.5,0.2394376,0.2343033,562.7005,558.9619
11.5,0.3014732,0.4185937,562.556,558.9305
12.5,0.3724986,0.6418021,562.4116,558.928
13.5,0.4499826,0.9371087,562.2671,558.9904
14.5,0.5313684,0.9712213,562.1226,558.7869
15.5,0.6092384,0.9146564,561.9733,558.4908
16.5,0.04322658,0.8001162,561.1812,558.1374
17.5,-0.3548053,0.6807908,560.5606,557.7822
18.5,-0.5264683,0.5538517,560.1722,557.4248
19.5,-0.2906576,0.4819424,560.1992,557.1301
20.5,-0.7051554,0.4225466,559.5859,556.8574
21.5,-0.2040116,0.3085761,559.8998,556.5415
22.5,-0.7632743,0.1250435,559.1665,556.169
23.5,-0.6029873,-0.1677112,559.1673,555.7015
24.5,-0.3612486,-0.4894228,559.2651,555.2204
25.5,-0.1784624,-0.7849244,559.3205,554.7817
26.5,-0.1321488,-0.962992,559.2565,554.4774
27.5,0.004225434,-1.000667,559.2999,554.3306
28.5,0.1004401,-0.9108534,559.3208,554.3288
29.5,0.1662646,-0.857757,559.3288,554.3078
30.5,0.2278783,-0.7433242,559.3499,554.3655
31.5,0.2760829,-0.5225685,559.3744,554.5464
32.5,0.305604,-0.3226708,559.3964,554.7232
33.5,0.3540933,-0.1694978,559.4528,554.8693
34.5,0.3365974,0.02299948,559.4578,555.07
35.5,0.3520657,0.2071012,559.5094,555.2769
36.5,0.365007,0.3230091,559.5709,555.4295
37.5,0.2724954,0.3145206,559.5381,555.4706
38.5,0.2926049,0.3882321,559.6281,555.606
39.5,0.2252705,0.5069405,559.6393,555.7974
40.5,0.1600515,0.5264789,559.6601,555.8998
41.5,0.08221998,0.5846277,559.6744,556.05
42.5,0.02302751,0.6484781,559.712,556.2139
43.5,-0.06511509,0.6714138,559.724,556.3439
44.5,-0.1704549,0.6078222,559.7208,556.3934
45.5,-0.2464852,0.4167587,559.7476,556.3203
46.5,-0.3052698,0.1184682,559.7909,556.1436
47.5,-0.3544123,-0.140244,559.842,556.0091
48.5,-0.3522632,-0.3150778,559.9411,555.9598
49.5,-0.2761516,-0.4025298,560.1098,555.9979
50.5,-0.2388391,-0.4438654,560.2342,556.0809
51.5,-0.1846312,-0.4669554,560.3688,556.1797
52.5,-0.1134216,-0.4826231,560.5127,556.2821
53.5,-0.09361681,-0.4030496,560.5966,556.4746
54.5,-0.0375744,-0.1979785,560.7073,556.7861
55.5,-0.01466634,-0.09431563,560.7748,556.9885
56.5,-0.028029,-0.07828736,560.7952,557.0941
57.5,-0.03148479,0.02372887,560.8142,557.2755
58.5,-0.02096871,0.1583979,560.8356,557.4781
59.5,-0.04758652,0.1871873,560.8083,557.5626
60.5,-0.03210679,0.2459592,560.8113,557.6638
61.5,-0.02186725,0.2871791,560.7975,557.7336
62.5,0.006157595,0.158016,560.7904,557.6187
63.5,0.03421462,-0.004420037,560.7728,557.4558
64.5,0.09285493,-0.1255147,560.776,557.3196
65.5,0.1407959,-0.1917041,560.7598,557.2239
66.5,0.2046401,-0.2557366,560.7518,557.1164
67.5,0.2663424,-0.2844007,560.7355,557.0311
68.5,0.2786448,-0.2502605,560.6651,556.9966
69.5,0.2753424,-0.1477079,560.5761,557.0197
70.5,0.3616283,0.05203306,560.5755,557.1309
71.5,0.3173501,0.2373481,560.4451,557.2204
72.5,0.3131849,0.3098824,560.3575,557.192
73.5,0.2779517,0.2191186,560.2437,556.9974
74.5,0.1441304,0.1801253,560.0381,556.8543
75.5,0.03461735,0.09199792,559.8656,556.6642
76.5,-0.05732088,0.1487458,559.7214,556.6239
77.5,-0.1583818,0.09270184,559.5806,556.4782
78.5,-0.2138439,0.0004688072,559.4994,556.3065
79.5,-0.2773407,-0.1867529,559.4258,556.0525
80.5,-0.3031622,-0.2351885,559.4065,555.9522
81.5,-0.2827804,-0.1787338,559.4509,555.9741
82.5,-0.2689282,-0.0332569,559.507,556.104
83.5,-0.3096488,-0.00296915,559.5269,556.1394
84.5,-0.3391304,0.08852944,559.5762,556.2578
85.5,-0.3775436,0.1300763,559.6343,556.349
86.5,-0.4422102,0.1906885,559.683,556.4823
87.5,-0.4809652,0.1260315,559.7734,556.5132
88.5,-0.4091489,0.05633676,559.9883,556.5616
89.5,-0.2888278,-0.07506439,560.2639,556.5698
90.5,0.07618297,-0.2178729,560.7943,556.5864
91.5,0.3564501,-0.2000104,561.2473,556.7817
92.5,0.4980507,-0.05351586,561.5664,557.1215
93.5,0.7451189,0.02643231,561.9929,557.4077
94.5,0.6131993,0.2381666,562.0394,557.8356
95.5,0.4947707,0.337049,562.0953,558.1574
96.5,0.3606508,0.2922666,562.1285,558.3388
97.5,0.2194464,0.1554116,562.1445,558.4277
98.5,0.1065941,0.09648158,562.1761,558.5905
99.5,-0.01587303,-0.06385147,562.1826,558.6441
100.5,-0.08937732,-0.1862273,562.2203,558.7244
101.5,-0.1758372,-0.2131877,562.2253,558.8855
102.5,-0.1679796,-0.3052962,562.3031,558.9636
103.5,-0.1307026,-0.4619973,562.3876,558.9565
104.5,-0.09827014,-0.5907078,562.4437,558.9543
105.5,-0.03106853,-0.6566527,562.5106,558.9899
106.5,0.01933407,-0.5510743,562.5369,559.1704
107.5,0.1068025,-0.2782151,562.577,559.4907
108.5,0.1903313,-0.01466951,562.5908,559.7736
109.5,-0.04113647,0.2451015,562.2689,560.0247
110.5,0.1060267,0.5606564,562.3067,560.3043
111.5,0.1114689,0.8292829,562.186,560.5107
112.5,-0.05724306,0.7891968,561.8771,560.3839
113.5,-0.07519977,0.663441,561.7076,560.149
114.5,-0.1276872,0.4847651,561.4952,559.8414
115.5,-0.2149954,0.2761654,561.2427,559.4868
116.5,-0.3549943,0.1121707,560.9354,559.1628
117.5,-0.2744028,-0.006022761,560.8499,558.8743
118.5,-0.2371754,0.008952703,560.725,558.712
119.5,-0.1843749,-0.01822186,560.6227,558.5042
120.5,-0.1746403,-0.1082917,560.487,558.2336
121.5,-0.1671514,-0.1523129,560.361,558.0126
122.5,-0.1533598,-0.2049073,560.2551,557.7899
123.5,-0.1264979,-0.2700175,560.1778,557.5644
124.5,-0.06111881,-0.3931866,560.1556,557.2933
125.5,0.01891764,-0.4281641,560.1653,557.125
126.5,0.1337018,-0.5115879,560.2272,556.9247
127.5,0.2345658,-0.5945657,560.2922,556.7427
128.5,0.3366602,-0.5895611,560.3749,556.6673
129.5,0.3490626,-0.4631538,560.3831,556.7323
130.5,0.3808204,-0.2653393,560.4241,556.8875
131.5,0.3508189,-0.02498493,560.4149,557.1033
132.5,0.334661,0.2258485,560.4288,557.3467
133.5,0.2551334,0.5106508,560.386,557.6393
134.5,0.1803964,0.7043101,560.3521,557.8544
135.5,0.07481211,0.8203524,560.2883,558.0029
136.5,0.01850583,0.8287465,560.2721,558.0524
137.5,-0.0595087,0.6803096,560.2297,557.9509
138.5,-0.1099185,0.3901303,560.2076,557.7106
139.5,-0.1377971,0.1417399,560.1983,557.5121
140.5,-0.2080366,-0.06587099,560.1347,557.3514
141.5,-0.2697914,-0.1956071,560.0657,557.2631
142.5,-0.2211508,-0.2763462,560.0917,557.2154
143.5,-0.2434123,-0.282519,560.0304,557.2316
144.5,-0.1675907,-0.3330841,560.05,557.1907
145.5,-0.1120321,-0.2898432,560.032,557.2291
146.5,-0.0407496,-0.2949589,560.0129,557.2034
147.5,0.01692077,-0.2752549,559.9638,557.1858
148.5,0.1322675,-0.3304839,559.9575,557.0761
149.5,0.07563854,-0.3236634,559.766,557.0113
150.5,0.001583691,-0.4491891,559.5458,556.7974
151.5,-0.07549308,-0.4205028,559.3137,556.7217
152.5,-0.136372,-0.2737774,559.0917,556.7495
153.5,-0.1310245,-0.07784237,558.9326,556.8134
154.5,-0.3630394,0.1600372,558.5359,556.9082
155.5,-0.2504221,0.4418444,558.4868,557.0381
156.5,-0.105995,0.5753773,558.4753,557.0134
157.5,0.01022629,0.6174866,558.4445,556.8935
158.5,0.06856591,0.5488822,558.3674,556.6617
159.5,0.177005,0.4876425,558.3548,556.4389
160.5,0.2641847,0.3463794,558.3374,556.1404
161.5,0.2935736,0.1748328,558.2807,555.8184
162.5,0.3494266,0.05494514,558.2704,555.5573
163.5,0.3450832,0.0508687,558.2209,555.4235
164.5,0.2733085,-0.009374943,558.1257,555.2469
165.5,0.2168246,-0.06541065,558.0675,555.0895
166.5,0.2355481,-0.2166923,558.106,554.8533
167.5,0.2010035,-0.3156218,558.1119,554.6866
168.5,0.174583,-0.3342361,558.1453,554.6182
169.5,0.1131153,-0.2397576,558.1615,554.681
170.5,-0.5436703,-0.154448,557.5982,554.7526
171.5,-0.5395319,-0.09439752,557.7094,554.8166
172.5,-0.4889699,-0.1328762,557.8779,554.7988
173.5,-0.3824858,-0.3016107,558.1108,554.6665
174.5,-0.2910986,-0.5862433,558.334,554.4328
175.5,-0.1437984,-0.6583676,558.6159,554.4245
176.5,-0.004787831,-0.4468008,558.8894,554.7112
177.5,0.109571,-0.1912795,559.1354,555.0515
178.5,0.2029005,0.1106538,559.3552,555.4457
179.5,0.2681955,0.5161046,559.5395,555.9493
180.5,0.3183182,0.6434979,559.699,556.1788
181.5,0.265583,0.4787502,559.7446,556.1183
182.5,0.1787619,0.4485962,559.7437,556.1928
183.5,-0.2828371,0.5281032,559.3546,556.376
184.5,-0.291394,0.3243242,559.4047,556.2734
185.5,0.04771915,0.3300036,559.7886,556.3765
186.5,0.01639456,0.4620771,559.7884,556.6013
187.5,-0.03547766,0.2464198,559.7546,556.4727
188.5,-0.05196714,0.06003582,559.7441,556.3672
189.5,-0.05439893,-0.2615135,559.7369,556.1197
190.5,-0.04795978,-0.6112297,559.7292,555.837
191.5,-0.04313097,-0.7319998,559.7123,555.7761
192.5,-0.02976191,-0.6051221,559.698,555.9556
193.5,-0.0008330424,-0.3363909,559.6953,556.2698
194.5,-0.009041851,0.007136841,559.6531,556.6518
195.5,0.01827571,0.1433839,559.6461,556.8198
196.5,-0.002426272,0.1781252,559.5922,556.8796
197.5,0.01879285,0.1086105,559.5829,556.829
198.5,0.05648639,0.03184327,559.5941,556.7651
199.5,0.08455569,0.0536536,559.6004,556.7939
200.5,0.07769216,0.1446104,559.5773,556.8861
201.5,-0.446667,-0.3388253,559.5918,557.034
202.5,-0.398558,-0.1708995,559.6483,557.2151
203.5,-0.3847865,-0.1682062,559.6618,557.2285
204.5,-0.3535184,-0.2862474,559.6847,557.1188
205.5,-0.2737927,-0.4148794,559.7486,556.9962
206.5,-0.228092,-0.4837188,559.7719,556.9313
207.5,-0.1423307,-0.5707867,559.8298,556.8461
208.5,-0.01666571,-0.6068493,559.9232,556.81
209.5,0.1293855,-0.4727704,560.0339,556.9423
210.5,0.2517717,-0.1717485,560.1193,557.2402
211.5,0.2943896,0.1590278,560.1246,557.5665
212.5,0.3363228,0.4405218,560.1304,557.8426
213.5,0.4590975,0.7039771,560.2196,558.0999
214.5,0.4786175,0.9133093,560.2093,558.3024
215.5,0.4263176,1.008019,560.1321,558.3902
216.5,0.3922164,1.005981,560.079,558.3812
217.5,0.2808576,0.8988972,559.9554,558.2675
218.5,0.2426555,0.7868848,559.9124,558.1492
219.5,0.1505638,0.6184743,559.8232,557.9752
220.5,0.07644456,0.405032,559.7598,557.7571
221.5,-0.01134483,0.1724277,559.6905,557.5208
222.5,-0.06244427,0.02921567,559.6652,557.3749
223.5,-0.09990263,-0.1721638,559.6602,557.1719
224.5,-0.09129102,-0.3730396,559.707,556.9705
225.5,-0.1017773,-0.5553919,559.7394,556.7887
226.5,-0.05906552,-0.6402885,559.8284,556.7052
227.5,-0.009654343,-0.712979,559.926,556.6346
228.5,0.05135479,-0.6907443,560.0355,556.6593
229.5,0.06099603,-0.6030478,560.0922,556.7495
230.5,0.06725498,-0.4826551,560.1423,556.8722
231.5,0.01813707,-0.3392099,560.1322,557.0172
232.5,-0.04524133,-0.1546046,560.1012,557.2022
233.5,-0.1222015,-0.009393363,560.0483,557.3461
234.5,-0.2466601,0.08015915,559.9383,557.4321
235.5,-0.3820098,0.1632244,559.8063,557.509
236.5,-0.4448903,0.2261609,559.7348,557.5624
237.5,-0.462006,0.203422,559.6961,557.5265
238.5,-0.4529427,0.03863667,559.6702,557.3443
239.5,-0.3937636,-0.1742333,559.6807,557.1094
240.5,-0.3192008,-0.2612237,559.6932,556.9955
241.5,-0.2230062,-0.3175648,559.7141,556.9071
242.5,-0.09045875,-0.3026072,559.7592,556.8848
243.5,0.00648193,-0.2212319,559.7575,556.9236
244.5,0.1200505,-0.04311121,559.7628,557.054
245.5,0.2539474,0.09580392,559.7805,557.1403
246.5,0.2909578,0.2207329,559.6953,557.2083
247.5,0.3676578,0.3773149,559.6462,557.304
248.5,0.2983211,0.534199,559.4498,557.3968
249.5,0.2871294,0.607523,559.313,557.4037
250.5,0.2835885,0.5792092,559.1878,557.3077
251.5,0.241991,0.4474162,559.0312,557.108
252.5,0.2328087,0.3522895,558.9166,556.9459
253.5,0.2850395,0.2734286,558.8752,556.8024
254.5,0.3243843,0.2029474,558.8354,556.671
255.5,0.3844735,0.07884988,558.8329,556.4908
256.5,0.4205166,-0.05545589,558.825,556.307
257.5,0.4297827,-0.1199134,558.8105,556.2008
258.5,0.3672879,-0.1058173,558.7459,556.1823
259.5,0.3069655,0.02852763,558.7059,556.2943
260.5,0.1856321,0.1071682,558.628,556.3619
261.5,0.02248902,0.1015221,558.5313,556.3576
262.5,-0.161187,-0.04836374,558.4368,556.2222
263.5,-0.3470853,-0.2557479,558.362,556.0428
264.5,-0.5536191,-0.4830971,558.2872,555.8575
265.5,-0.6672033,-0.6598517,558.3243,555.7366
266.5,-0.8402503,-0.6464037,558.3189,555.8198
267.5,-0.9676073,-0.5185133,558.3737,556.0308
268.5,-1.145115,-0.408067,558.3901,556.2368
269.5,-1.02891,-0.3228452,558.7089,556.4292
270.5,-0.8501399,-0.2802022,559.0959,556.5892
271.5,-0.4532169,-0.2783341,559.7032,556.7173
272.5,0.02037094,-0.2766522,560.386,556.8524
273.5,0.4666593,-0.2965175,561.0369,556.971
274.5,0.6379076,-0.2035041,561.4048,557.2057
275.5,0.8273697,-0.1340732,561.7797,557.4177
276.5,0.7450829,0.1853528,561.8687,557.8786
277.5,0.6355656,0.4471337,561.9135,558.2784
278.5,0.5560051,0.569187,561.9688,558.5328
279.5,0.4436501,0.5932562,561.9699,558.6814
280.5,0.3691495,0.754259,561.9859,558.9571
281.5,0.2867505,0.8409597,561.9697,559.1469
282.5,0.2310473,0.7857071,561.9553,559.1815
283.5,0.1682532,0.6759937,561.9088,559.147
284.5,0.1023637,0.5430544,561.8343,559.0736
285.5,0.07940106,0.3394401,561.7788,558.913
286.5,0.08617959,0.1747712,561.7303,558.7744
287.5,0.07375063,0.05504621,561.6418,558.6638
288.5,0.1695443,-0.06310866,561.6427,558.5381
289.5,-0.04754217,-0.2169543,561.3145,558.3606
290.5,-0.1663793,-0.3503494,561.0711,558.1884
291.5,-0.287778,-0.5510377,560.8149,557.9352
292.5,-0.3993698,-0.6926488,560.5616,557.729
293.5,-0.4737211,-0.7244609,560.3421,557.6223
294.5,-0.4128554,-0.6369362,560.2576,557.6268
295.5,-0.3812602,-0.5721472,560.1473,557.6027
296.5,-0.2803324,-0.4092355,560.1131,557.6734
297.5,-0.1541344,-0.2046654,560.1141,557.7849
298.5,-0.05069281,-0.05599526,560.105,557.842
299.5,-0.02700872,0.07670856,560.0317,557.8874
300.5,0.02432229,0.1101273,560.0037,557.8399
301.5,0.03351086,0.08377977,559.9531,557.7415
302.5,0.04974332,-0.01088341,559.9304,557.5854
303.5,0.02380599,-0.08547181,559.8875,557.462
304.5,0.03345718,-0.1342983,559.9022,557.3784
305.5,0.04449209,-0.1089147,559.9406,557.3839
306.5,0.0374824,-0.02947268,559.9823,557.4594
307.5,-0.02989763,0.1169227,559.9841,557.618
308.5,-0.03377118,0.2335835,560.0683,557.7631
309.5,0.06451844,0.3813931,560.2714,557.9549
310.5,0.09248602,0.4783221,560.4187,558.1106
311.5,0.12699,0.5208477,560.5842,558.2255
312.5,0.1369831,0.504886,560.734,558.2939
313.5,0.2041343,0.5032721,560.9464,558.3868
314.5,0.2310718,0.410468,561.1208,558.3963
315.5,0.1401309,0.2537924,561.176,558.3474
316.5,0.06789687,0.06976812,561.2454,558.274
317.5,0.01843687,-0.07304883,561.3295,558.242
318.5,-0.01015226,-0.1756962,561.4234,558.2476
319.5,-0.05231043,-0.2948311,561.4897,558.2314
320.5,-0.03606742,-0.36317,561.5978,558.2581
321.5,-0.02893107,-0.3692999,561.6779,558.3365
322.5,-0.02958488,-0.3665879,561.7294,558.411
323.5,-0.03253137,-0.3352397,561.7564,558.4994
324.5,-0.01295376,-0.2460678,561.7827,558.6291
325.5,-0.03513829,-0.2073256,561.7437,558.6905
326.5,-0.04194292,-0.1845309,561.6964,558.717
327.5,-0.01384809,-0.1176179,561.661,558.7684
328.5,-0.01327825,-0.07036781,561.5761,558.7805
329.5,-0.006104682,-0.01893046,561.4774,558.7776
330.5,0.005780019,0.08787667,561.3649,558.8117
331.5,0.09502174,0.1366882,561.3137,558.7704
332.5,0.251202,0.1954976,561.316,558.7236
333.5,0.1038135,0.2096753,561.0045,558.6183
334.5,-0.03652757,0.217949,560.6929,558.4958
335.5,0.2583494,0.1951055,560.813,558.3333
336.5,0.03270505,0.2007849,560.4125,558.1931
337.5,-0.3573866,0.1377198,559.8511,557.9812
338.5,-0.2429199,0.1145905,559.8013,557.8092
339.5,-0.1955824,0.07841426,559.6948,557.6273
340.5,-0.1751078,0.01718647,559.5752,557.4265
341.5,-0.1550613,-0.056901,559.4718,557.2219
342.5,-0.169579,-0.0759639,559.3533,557.0845
343.5,-0.1287702,-0.1335904,559.312,556.9233
344.5,-0.1106796,-0.1703969,559.2717,556.7999
345.5,-0.08087151,-0.1988946,559.2684,556.704
346.5,-0.02971097,-0.261944,559.3128,556.5944
347.5,-0.03753036,-0.3860949,559.3253,556.446
348.5,-0.06947798,-0.4337925,559.3409,556.3972
349.5,-0.06300895,-0.3139995,559.4218,556.5395
350.5,-0.08154783,-0.07508257,559.5038,556.8247
351.5,-0.1867862,0.1292392,559.524,557.0987
352.5,-0.3346958,0.2488067,559.525,557.3107
353.5,-0.1089504,0.2906115,559.9208,557.4664
354.5,0.09774098,0.3008238,560.3167,557.6107
355.5,0.287955,0.2766215,560.7126,557.7387
356.5,0.5234842,0.2440302,561.1675,557.8745
357.5,0.6364534,0.2547619,561.5106,558.0674
358.5,0.655708,0.2507907,561.7675,558.2569
359.5,0.8963543,0.2407515,562.2503,558.449
360.5,0.6964474,0.2675382,562.2939,558.6838
361.5,0.5020323,0.1891934,562.3412,558.8165
362.5,0.3291488,0.09316386,562.4055,558.9321
363.5,0.1634759,0.09648009,562.4693,559.1447
364.5,-0.006359715,0.06195966,562.5189,559.3148
365.5,-0.1647759,0.004412079,562.5673,559.4547
366.5,-0.3238747,-0.04428448,562.6005,559.5941
367.5,-0.4150345,-0.1527081,562.6852,559.6626
368.5,-0.5294993,-0.2946678,562.7288,559.6848
369.5,-0.6293859,-0.3168107,562.7678,559.8125
370.5,-0.6650277,-0.3488536,562.8512,559.915
371.5,-0.6789653,-0.4267561,562.9359,559.9556
372.5,-0.6415575,-0.4318686,563.0515,560.0524
373.5,-0.5848745,-0.4230164,563.1658,560.1464
374.5,-0.5165163,-0.4148702,563.272,560.223
375.5,-0.4254389,-0.326781,563.3815,560.3632
376.5,-0.3227559,-0.2149967,563.4844,560.5112
377.5,-0.2052648,-0.1433642,563.585,560.6042
378.5,-0.09174856,-0.009659347,563.6658,560.7454
379.5,0.006858996,0.1040425,563.7174,560.8536
380.5,0.09063652,0.2075185,563.7416,560.9401
381.5,0.1625776,0.2651609,563.7432,560.9705
382.5,0.2760709,0.2939681,563.7772,560.9634
383.5,0.3691709,0.2570674,563.7835,560.8832
384.5,0.4156811,0.2494716,563.7379,560.8266
385.5,0.4970589,0.2664143,563.7234,560.7902
386.5,0.5583845,0.3089618,563.687,560.7764
387.5,0.6671922,0.3604118,563.6979,560.77
388.5,0.7670209,0.4836605,563.7012,560.8353
389.5,0.8471946,0.5388045,563.6879,560.8334
390.5,0.9155339,0.4897921,563.667,560.7296
391.5,1.022168,0.3521219,563.69,560.5403
392.5,1.10725,0.2887939,563.6982,560.4295
393.5,0.7894208,0.2473974,563.3115,560.3456
394.5,0.4628141,0.1147724,562.9246,560.1763
395.5,0.1266235,-0.08285628,562.5378,559.9482
396.5,-0.2198361,-0.2788823,562.1511,559.7287
397.5,-0.7261996,-0.3477039,561.6152,559.6436
398.5,-1.316761,-0.5405191,561.0064,559.4423
399.5,-1.840939,-0.6769797,560.4756,559.3052
400.5,-1.86853,-0.8540548,560.4532,559.1356
401.5,0.2081008,0.7573944,560.101,559.0248
402.5,-0.08401877,0.5412882,559.8029,558.7934
403.5,-0.1150633,0.5135013,559.7636,558.74
404.5,-0.131321,0.3610638,559.7372,558.5522
405.5,-0.1452506,0.2606598,559.7115,558.4075
406.5,-0.1885784,0.1224794,559.6555,558.2173
407.5,-0.1599483,-0.04585673,559.6711,557.9906
408.5,-0.1593227,-0.2471169,559.6591,557.7261
409.5,-0.1648426,-0.3212007,559.6422,557.5856
410.5,-0.09813464,-0.4162892,559.6994,557.4227
411.5,-0.07439869,-0.4405207,559.7167,557.3313
412.5,-0.04889368,-0.455255,559.7394,557.2518
413.5,0.1311416,-0.4662243,559.9212,557.1804
414.5,0.1467541,-0.4659073,559.9439,557.1265
415.5,0.2331076,-0.3639641,560.0434,557.1821
416.5,0.2198855,-0.3321642,560.0499,557.177
417.5,0.2620259,-0.2877479,560.1187,557.1953
418.5,0.3099772,-0.2472737,560.2006,557.2214
419.5,0.3469047,-0.1324977,560.2789,557.3347
420.5,0.2800603,0.02627716,560.2609,557.5052
421.5,0.2814395,0.1229951,560.3184,557.6273
422.5,0.2402554,0.2225566,560.34,557.7657
423.5,0.2057756,0.3581866,560.3748,557.9536
424.5,0.1272801,0.3943389,560.371,558.0545
425.5,-0.0006801707,0.3850855,560.3226,558.1218
426.5,-0.09248555,0.3135339,560.314,558.1373
427.5,-0.1781412,0.2225413,560.3141,558.1425
428.5,-0.2955731,0.1099442,560.2838,558.1335
429.5,-0.3738009,0.03173416,560.2928,558.1647
430.5,-0.4391385,-0.04233036,560.3134,558.2039
431.5,-0.5151741,-0.1100553,560.3206,558.2511
432.5,-0.383689,-0.2161386,560.5314,558.2597
433.5,-0.26199,-0.3273379,560.7269,558.2609
434.5,-0.2160209,-0.3895225,560.8401,558.3066
435.5,-0.1525361,-0.3634846,560.9631,558.4344
436.5,-0.08008914,-0.1636978,561.0861,558.728
437.5,0.180331,0.0860267,561.3874,559.0618
438.5,0.1456084,0.2316491,561.3831,559.2804
439.5,0.1483333,0.3043845,561.405,559.4139
440.5,0.1164649,0.3500294,561.3809,559.5071
441.5,0.1047397,0.3612557,561.3652,559.552
442.5,0.09952983,0.3830716,561.3444,559.5933
443.5,0.08098011,0.4326788,561.2988,559.6479
444.5,0.11397,0.4157965,561.2936,559.6219
445.5,0.1488948,0.3404785,561.2799,559.5237
446.5,0.1710331,0.2097081,561.2437,559.357
447.5,0.2135797,0.03899506,561.2191,559.1381
448.5,0.1837758,-0.1084368,561.1144,558.9315
449.5,0.3141764,-0.2051207,561.1634,558.7657
450.5,0.1875896,-0.2790823,560.9501,558.6144
451.5,0.2019691,-0.4270525,560.8738,558.3821
452.5,0.179649,-0.5004614,560.7582,558.2192
453.5,0.0488725,-0.4911444,560.533,558.1353
454.5,-0.04266468,-0.4195459,560.3472,558.1115
455.5,-0.1645888,-0.3467727,560.1324,558.0884
456.5,-0.3526223,-0.2890437,559.8542,558.051
457.5,-0.3682092,-0.324414,559.7523,557.9229
458.5,-0.3142251,-0.3639862,559.7249,557.7939
459.5,-0.255559,-0.3360315,559.7079,557.7369
460.5,-0.2119142,-0.2944916,559.6825,557.6987
461.5,-0.149803,-0.2306751,559.6826,557.6888
462.5,-0.1139349,-0.09107163,559.664,557.761
463.5,-0.0005650927,0.077324,559.7307,557.8686
464.5,0.02586766,0.3476494,559.7183,558.0848
465.5,0.04608824,0.5837582,559.7074,558.2733
466.5,0.06472357,0.6443076,559.7025,558.2924
467.5,0.07364135,0.6669186,559.6951,558.2792
468.5,0.1077181,0.6069727,559.7194,558.1887
469.5,0.1412447,0.4972905,559.7491,558.0527
470.5,0.1542218,0.3870084,559.7635,557.9198
471.5,0.1185437,0.2756931,559.7336,557.7886
472.5,0.117882,0.2002863,559.7424,557.6951
473.5,0.08657814,0.1735546,559.723,557.6514
474.5,0.07343587,0.1728293,559.7235,557.6338
475.5,0.03613162,0.1544472,559.7006,557.598
476.5,0.005615239,0.07393053,559.6843,557.4987
477.5,0.01726406,-0.05238708,559.7092,557.3518
478.5,-0.02199204,-0.1690438,559.6813,557.2122
479.5,-0.07917017,-0.2146623,559.633,557.1409
480.5,-0.06574231,-0.2454949,559.652,557.0816
481.5,-0.1205157,-0.2919263,559.5991,557.0037
482.5,-0.1239772,-0.3131267,559.5932,556.9482
483.5,-0.1285328,-0.3451737,559.5816,556.8791
484.5,-0.1093556,-0.4553869,559.5889,556.7294
485.5,-0.04181549,-0.5336934,559.6395,556.6097
486.5,-0.01424573,-0.4146802,559.6449,556.6857
487.5,-0.0919539,-0.3032918,559.54,556.7532
488.5,-0.06770502,-0.2786524,559.5319,556.7335
489.5,0.02793658,-0.3207729,559.5903,556.6472
490.5,0.1117905,-0.3414117,559.6322,556.5831
491.5,0.1567279,-0.2977566,559.6307,556.5845
492.5,0.2099361,-0.1964307,559.6332,556.6454
493.5,0.2216186,0.03152973,559.5904,556.835
494.5,0.1413921,0.2221602,559.452,556.9896
495.5,0.07224616,0.3022531,559.3214,557.0361
496.5,-0.03029549,0.3190916,559.1544,557.022
497.5,-0.0306514,0.3380404,559.0869,557.0123
498.5,-0.01562671,0.305765,559.0324,556.9536
499.5,0.06396877,0.3390486,559.0403,556.9622
500.5,-0.06309222,0.3894548,558.8397,556.9891
501.5,-0.056761,0.4495519,558.7708,557.0264
502.5,-0.03834501,0.5716309,558.7126,557.1256
503.5,-0.06248775,0.6051118,558.6107,557.1353
504.5,0.002983415,0.5287898,558.5974,557.0335
505.5,-0.01947903,0.3355108,558.4957,556.8122
506.5,-0.05154306,0.2311147,558.384,556.6764
507.5,-0.089554,0.1695576,558.2665,556.5793
508.5,-0.1147714,0.1589684,558.1622,556.5283
509.5,-0.1172137,0.1081747,558.0815,556.4318
510.5,-0.1094913,0.008553505,558.0126,556.2806
511.5,-0.08002141,-0.2302409,557.9675,555.9842
512.5,-0.01091741,-0.4602991,557.965,555.6905
513.5,0.05266619,-0.6879918,557.9606,555.3933
514.5,-0.1174297,-0.7774182,557.7271,555.229
515.5,-0.09115992,-0.7499759,557.6955,555.1769
516.5,-0.035725,-0.6366603,557.6998,555.2069
517.5,0.004788904,-0.4952737,557.697,555.2625
518.5,0.03220991,-0.2912738,557.6902,555.3797
519.5,0.05635783,-0.2167876,557.6905,555.368
520.5,0.07620306,-0.3369501,557.6981,555.1643
521.5,0.1001229,-0.4038369,557.7228,555.0184
522.5,0.1055413,-0.3444037,557.7432,555.0058
523.5,0.1118687,-0.1588808,557.7799,555.1284
524.5,0.1216896,0.1583761,557.8367,555.3943
525.5,0.1063845,0.4340013,557.886,555.6324
526.5,0.1107351,0.5000597,557.9735,555.6771
527.5,0.09905314,0.4323846,558.0641,555.6063
528.5,0.06183912,0.4072619,558.1489,555.5984
529.5,0.06031397,0.3684142,558.2894,555.5989
530.5,0.07681233,0.3064762,558.4678,555.5999
531.5,0.110336,0.2997495,558.6829,555.6808
532.5,0.0923365,0.3473191,558.8656,555.8416
533.5,0.06628381,0.489204,559.0584,556.1226
534.5,0.07135887,0.5382028,559.2993,556.3366
535.5,0.05009098,0.5218699,559.5293,556.5106
536.5,-0.02457953,0.377779,559.7194,556.5812
537.5,-0.1863905,0.1872319,559.8338,556.6283
538.5,-0.1862627,0.04201262,560.1191,556.7416
539.5,-0.2177816,-0.07495482,560.3789,556.9018
540.5,-0.2558665,-0.137958,560.6354,557.1317
541.5,-0.2583874,-0.216779,560.9277,557.3582
542.5,-0.2397883,-0.3447801,561.2378,557.5446
543.5,-0.1883691,-0.4487697,561.5742,557.7599
544.5,-0.1838961,-0.4980476,561.8535,558.0311
545.5,-0.1646578,-0.6056729,562.134,558.2407
546.5,-0.1125962,-0.5406188,562.4305,558.6154
547.5,-0.07325808,-0.3668294,562.694,559.0869
548.5,-0.05334482,-0.2819825,562.9147,559.4532
549.5,-0.009931091,-0.271071,563.1326,559.7253
550.5,-0.00290617,-0.2193383,563.2853,560.0139
551.5,0.04822812,-0.188233,563.451,560.2539
552.5,0.07277122,-0.06281672,563.5571,560.5571
553.5,0.1099881,-0.04176361,563.6412,560.722
554.5,0.1288231,-0.03023708,563.6715,560.8412
555.5,0.1726736,0.07990646,563.6908,561.0209
556.5,0.2655315,0.2975913,563.723,561.269
557.5,0.3190777,0.4355685,563.6802,561.3977
558.5,0.4269549,0.4819817,563.6572,561.3951
559.5,0.5432858,0.4917788,563.6096,561.317
560.5,0.5187458,0.438833,563.39,561.1385
561.5,0.4245653,0.3528003,563.0721,560.8914
562.5,0.3943708,0.2297977,562.7925,560.5741
563.5,0.2961256,0.08499721,562.4223,560.205
564.5,0.2208693,-0.02504282,562.0563,559.8442
565.5,-0.009982028,-0.1251772,561.5196,559.4708
566.5,-0.251161,-0.2107614,560.9617,559.0939
567.5,-0.4336139,-0.244094,560.4558,558.7556
568.5,-0.6006624,-0.2857388,559.963,558.4003
569.5,-0.6674936,-0.2344872,559.5722,558.1339
570.5,-0.6453412,-0.1481301,559.2765,557.9036
571.5,-1.017926,-0.01844909,558.5963,557.7224
572.5,-0.7667739,0.06700461,558.5538,557.5073
573.5,-0.5545551,0.08680341,558.4899,557.2413
574.5,-0.3336981,0.157867,558.4554,557.0452
575.5,-0.08921336,0.2951184,558.4681,556.9375
576.5,0.03129776,0.2976581,558.3828,556.7205
577.5,0.1773004,0.1929135,558.3506,556.424
578.5,0.247184,-0.006973982,558.2715,556.0623
579.5,0.2957011,-0.1409868,558.2009,555.7975
580.5,0.3272437,-0.1500713,558.1434,555.6896
581.5,0.3372126,-0.09098247,558.0942,555.6818
582.5,0.3685057,-0.04101685,558.0952,555.6962
583.5,0.35429,0.05693622,558.0782,555.7888
584.5,0.3839653,0.07520932,558.1309,555.83
585.5,0.3852109,0.01411748,558.1786,555.8178
586.5,0.3767014,-0.153738,558.2372,555.7221
587.5,0.3606642,-0.3374169,558.306,555.6305
588.5,0.3279994,-0.435563,558.3726,555.6409
589.5,0.2956952,-0.4288335,558.4504,555.7687
590.5,0.2537618,-0.4286281,558.5259,555.8985
591.5,0.1901112,-0.268429,558.5833,556.1927
592.5,0.08346268,-0.2065888,558.5978,556.389
593.5,-0.01412986,-0.1216738,558.6177,556.6046
594.5,-0.1046074,0.1191005,558.6378,556.9686
595.5,-0.1647376,0.3536938,558.6783,557.3154
596.5,-0.2722014,0.3887125,558.6586,557.4484
597.5,-0.3483052,0.3369237,558.655,557.4776
598.5,-0.4110317,0.2484211,558.6476,557.4507
599.5,-0.4036727,0.1830837,558.6915,557.426
600.5,-0.435201,0.1873419,558.6768,557.4485
601.5,0.09230601,0.2279484,558.6555,557.3403
602.5,0.05915295,0.210753,558.6169,557.3137
603.5,0.03398807,0.1445545,558.5752,557.2283
604.5,0.03322601,0.1847948,558.5473,557.2396
605.5,0.03105278,0.1866174,558.5082,557.2032
606.5,-0.02319963,0.1621456,558.4083,557.1319
607.5,-0.05868025,0.06576671,558.3196,556.9805
608.5,-0.06996719,-0.003715448,558.249,556.8487
609.5,-0.107641,-0.1106293,558.1475,556.6729
610.5,-0.1318989,-0.225045,558.0566,556.484
611.5,-0.1266894,-0.3614942,557.9941,556.2686
612.5,-0.1257103,-0.438338,557.9283,556.1094
613.5,-0.1185301,-0.5350769,557.8715,555.9282
614.5,-0.04089773,-0.4895076,557.8898,555.8882
615.5,0.01906596,-0.3424086,557.8969,555.9501
616.5,0.09833878,-0.2261979,557.9313,555.9828
617.5,0.1099809,-0.1155864,557.9079,556.0129
618.5,0.185397,0.01143072,557.9594,556.0637
619.5,0.2553509,0.09101194,558.0176,556.0726
620.5,0.2667169,0.2886132,558.0307,556.2063
621.5,0.2601224,0.5102416,558.0398,556.372
622.5,0.2407207,0.6705405,558.0506,556.4854
623.5,0.2333105,0.6735862,558.0881,556.4515
624.5,0.1626817,0.7146661,558.0769,556.4664
625.5,0.08020031,0.6285039,558.0681,556.3656
626.5,-0.004535095,0.4623993,558.0705,556.1968
627.5,-0.1028125,0.1576418,558.0719,555.9016
628.5,-0.2178065,-0.1607396,558.0679,555.605
629.5,-0.3715789,-0.4133947,558.0349,555.3864
630.5,-0.4883184,-0.6501393,558.0469,555.1956
631.5,-0.6219035,-0.7593563,558.0482,555.1436
632.5,-0.7817801,-0.8159565,558.0272,555.1547
633.5,-0.9354827,-0.7834036,558.0142,555.2642
634.5,-0.4533199,-0.6444566,558.6363,555.4882
635.5,-0.2806192,-0.4804012,558.9459,555.7438
636.5,-0.0554053,-0.3810987,559.3024,555.9394
637.5,0.1848903,-0.0896543,559.6658,556.33
638.5,0.3900106,0.07672103,559.9836,556.5961
639.5,0.645281,0.1900031,560.3386,556.8076
640.5,0.7928826,0.4084065,560.5708,557.1202
641.5,0.8738335,0.7361161,560.7191,557.5356
642.5,0.8937611,0.7708074,560.7872,557.6491
643.5,0.8348386,0.903924,560.7556,557.8495
644.5,0.6956891,0.8849655,560.6215,557.8837
645.5,0.5077698,0.7085277,560.4151,557.7441
646.5,0.31733,0.4687496,560.1818,557.5225
647.5,0.1163923,0.2302416,559.9131,557.2814
648.5,-0.05816358,-0.172282,559.6454,556.8535
649.5,-0.2695271,-0.3565733,559.3159,556.6195
650.5,-0.5436417,-0.5453617,558.8988,556.3554
651.5,-0.746594,-0.6163794,558.5289,556.1824
652.5,-0.8929041,-0.6302848,558.1926,556.0393
653.5,-0.7981194,-0.4007589,558.0757,556.1121
654.5,-0.7565868,-0.2924437,557.8857,556.0364
655.5,-0.6549625,-0.08002438,557.7377,556.0381
656.5,-0.5474184,0.007814866,557.5799,555.8898
657.5,-0.373062,0.02752689,557.4755,555.6492
658.5,-0.02600905,-0.04300355,557.5332,555.2963
659.5,0.06479891,-0.1113879,557.3267,554.926
660.5,0.07301133,-0.2279163,557.0328,554.4906
661.5,0.1315349,-0.2862691,556.7874,554.0997
662.5,0.2257353,-0.3430624,556.579,553.7003
663.5,0.2213178,-0.2642219,556.2765,553.43
664.5,0.2812773,-0.165855,556.0461,553.177
665.5,0.3594527,-0.03149544,555.8447,552.9619
666.5,0.4297846,0.1569104,555.6494,552.8071
667.5,0.4521374,0.3739093,555.4229,552.6916
668.5,0.5139566,0.4667447,555.2553,552.4669
669.5,0.5182253,0.5556387,555.0522,552.2576
670.5,0.3982989,0.4684316,554.7493,551.8956
671.5,0.2875435,0.347834,554.4819,551.5276
672.5,0.147216,0.2194244,554.2131,551.1828
673.5,-0.03963112,0.06691161,553.9272,550.848
674.5,-0.1261999,0.008464861,553.7722,550.6442
675.5,-0.2399211,0.04377784,553.6213,550.5735
676.5,-0.2774667,0.05820278,553.5782,550.5231
677.5,-0.2467574,0.1357206,553.6349,550.578
678.5,-0.2322373,0.1840286,553.7065,550.6466
679.5,-0.2416749,0.1558144,553.7844,550.6817
680.5,-0.2561667,0.06036198,553.8863,550.6919
681.5,-0.1411761,-0.09968241,554.1451,550.6786
682.5,-0.05315495,-0.300797,554.4026,550.6635
683.5,-0.00741864,-0.3828211,554.6412,550.8041
684.5,0.1010772,-0.4249071,554.9633,551.0186
685.5,0.159867,-0.4250098,555.2537,551.3054
686.5,0.1860063,-0.4247521,555.5264,551.6188
687.5,0.1952825,-0.3435384,555.7942,552.0351
688.5,0.0175135,-0.108993,555.8833,552.6219
689.5,-0.1691031,0.05701175,555.9686,553.1526
690.5,-0.3013483,0.07492119,556.1099,553.5425
691.5,-0.4069253,0.08761013,556.2759,553.9291
692.5,-0.4828345,0.06247209,556.4664,554.2748
693.5,-0.45457,0.05512032,556.7523,554.6301
694.5,-0.4133576,0.04762518,557.0396,554.9721
695.5,-0.2502082,0.08105428,557.4341,555.3373
696.5,-0.08466394,-0.006930534,557.8137,555.5591
697.5,0.09772767,-0.02154244,558.1905,555.8284
698.5,0.2888006,-0.02207718,558.5542,556.0825
699.5,0.3542546,-0.04188214,558.7689,556.2852
700.5,0.3952925,-0.04304977,558.9346,556.4721
701.5,0.4512669,-0.01374829,559.0896,556.6535
702.5,0.4069117,-0.005168638,559.1183,556.7772
703.5,0.3897948,0.02941124,559.1484,556.8894
704.5,0.3326038,0.1098103,559.1127,557.0105
705.5,0.318646,0.2608767,559.0956,557.1662
706.5,0.2813588,0.4521515,559.0319,557.3276
707.5,0.2014787,0.5335695,558.9037,557.3469
708.5,0.1149827,0.5753536,558.7492,557.2969
709.5,0.06063727,0.5055805,558.6096,557.1091
710.5,-0.01377822,0.3103844,558.4351,556.773
711.5,-0.05169017,0.04067746,558.2852,556.3436
712.5,-0.06853388,-0.1756189,558.1477,555.9531
713.5,-0.08500818,-0.3655528,558.0049,555.5786
714.5,-0.1211108,-0.3769445,557.8403,555.3771
715.5,-0.2029184,-0.4289612,557.6309,555.1337
716.5,-0.2847542,-0.4371035,557.4257,554.9375
717.5,-0.2889624,-0.4413436,557.3056,554.7527
718.5,-0.4022992,-0.3424356,557.0868,554.6825
719.5,-0.4698173,-0.2220327,556.927,554.6491
720.5,-0.458405,-0.0702802,556.8619,554.6656
721.5,-0.4155194,0.02930496,556.8463,554.6515
722.5,-0.3886551,0.005902316,556.8345,554.5382
723.5,-0.2885427,-0.09084716,556.9174,554.3773
724.5,-0.2108611,-0.1514835,557.0004,554.2795
725.5,-0.05182892,-0.2244228,557.1878,554.1973
726.5,0.07477993,-0.2213382,557.3663,554.2191
727.5,0.2182306,-0.1272487,557.5848,554.3595
728.5,0.3094185,0.01130265,557.7738,554.5709
729.5,0.3436406,0.1808237,557.9274,554.8386
730.5,0.3865183,0.2852924,558.1097,555.0644
731.5,0.4133948,0.3588204,558.2944,555.2802
732.5,0.40944,0.4322305,558.4645,555.5139
733.5,0.3900462,0.3797982,558.6329,555.6368
734.5,0.3148614,0.3304382,558.7566,555.7747
735.5,0.2302805,0.2922056,558.879,555.9319
736.5,0.1056938,0.1568006,558.9667,555.9966
737.5,0.04120624,-0.005827823,559.1165,556.0353
738.5,-0.003948479,-0.06565747,559.2844,556.1742
739.5,-0.008025631,-0.08852274,559.4892,556.3442
740.5,-0.01969524,-0.09539618,559.6791,556.5211
741.5,-0.02246631,-0.05164593,559.8676,556.7365
742.5,-0.03165915,0.02310785,560.0368,556.9679
743.5,-0.06166089,-0.02317825,560.1697,557.061
744.5,-0.03468408,-0.09005966,560.3418,557.1143
745.5,-0.01227803,0.01551503,560.4897,557.3192
746.5,-0.01180964,-0.07096039,560.5944,557.31
747.5,-0.06737416,0.00608732,560.6205,557.4417
748.5,-0.0908291,0.04570234,560.6554,557.5128
749.5,-0.1559469,0.01483017,560.6247,557.4907
750.5,-0.2078314,-0.08166576,560.5833,557.3807
751.5,-0.2744461,-0.1187651,560.5035,557.3088
752.5,-0.3082609,-0.1135258,560.4333,557.2593
753.5,-0.3647403,-0.04840821,560.3185,557.2512
754.5,-0.3160318,-0.1161654,560.288,557.0938
755.5,-0.3101749,-0.1749323,560.1954,556.931
756.5,-0.2098302,-0.2072186,560.1799,556.7826
757.5,-0.1615674,-0.2239715,560.097,556.6401
758.5,-0.1133372,-0.3018113,560.0011,556.4292
759.5,0.01551387,-0.2561383,559.975,556.3372
760.5,0.06514671,-0.2085229,559.8615,556.2448
761.5,0.124499,-0.1490994,559.752,556.1642
762.5,0.1745621,-0.09527244,559.6299,556.0803
763.5,0.242749,0.002740745,559.5252,556.0447
764.5,0.3002055,0.05363144,559.4114,555.9683
765.5,0.3401343,0.1687752,559.284,555.9637
766.5,0.3698519,0.2752908,559.1525,555.9597
767.5,0.3665064,0.2997662,558.9958,555.8837
768.5,0.3305696,0.3489939,558.8163,555.8433
769.5,0.3427079,0.379706,558.6961,555.796
770.5,0.3220663,0.4641956,558.5557,555.8143
771.5,0.2928087,0.5340778,558.4203,555.8297
772.5,0.2488383,0.5896823,558.2845,555.8424
773.5,0.1543218,0.5649023,558.1131,555.7859
774.5,0.02429111,0.4354435,557.9214,555.6354
775.5,-0.1039502,0.1606296,557.7467,555.3492
776.5,-0.2274279,-0.1064245,557.5919,555.0798
777.5,-0.3785096,-0.3282904,557.4241,554.8633
778.5,-0.5007195,-0.6003497,557.2991,554.6036
779.5,-0.5952055,-0.7828419,557.2152,554.4393
780.5,-0.6554411,-0.8483096,557.1779,554.3966
781.5,-0.686567,-0.7441092,557.1808,554.5272
782.5,-0.6824659,-0.461162,557.2291,554.8391
783.5,0.3660979,-0.1498837,558.3306,555.181
784.5,0.3143172,-0.05073908,558.3392,555.3116
785.5,0.2956652,0.07324722,558.3868,555.467
786.5,0.2420807,0.182515,558.4042,555.607
787.5,0.1791824,0.2266523,558.4155,555.6806
788.5,0.1187967,0.1656929,558.4311,555.6475
789.5,0.07716523,0.1239915,558.4658,555.6317
790.5,0.01865913,0.09256039,558.4829,555.624
791.5,-0.005681694,0.0552423,558.532,555.608
792.5,-0.07308229,0.0224688,558.5349,555.5941
793.5,-0.09685133,-0.01077217,558.577,555.5773
794.5,-0.1222138,-0.01121505,558.6122,555.5911
795.5,-0.1020811,-0.03925825,558.6868,555.575
796.5,-0.08115695,-0.02647459,558.7552,555.5975
797.5,-0.01358041,-8.462906e-05,558.8628,555.6317
798.5,0.09573984,0.07422025,559.004,555.7119
799.5,0.2235916,0.1372029,559.1553,555.7789
800.5,0.3671355,0.2904766,559.3137,555.9346
801.5,-0.2623057,-1.127389,559.5059,556.0696
802.5,-0.05716631,-0.8732948,559.696,556.3156
803.5,0.08120809,-0.585689,559.8246,556.6094
804.5,0.1206184,-0.2419368,559.8597,556.9736
805.5,0.1746853,-0.02522388,559.9153,557.2243
806.5,0.245695,0.2044231,559.994,557.5009
807.5,0.2670783,0.3876044,560.0296,557.743
808.5,0.2099215,0.5804735,559.9936,558.0058
809.5,0.1421591,0.5447479,559.9543,558.05
810.5,0.1468993,0.4745577,559.9953,558.0685
811.5,0.08606894,0.4733545,559.9789,558.1636
812.5,0.02164566,0.3659641,559.9673,558.1585
813.5,-0.02575993,0.334366,559.9814,558.2341
814.5,-0.09753987,0.3522437,559.9799,558.3625
815.5,-0.1258914,0.3639175,560.0304,558.4866
816.5,-0.1632385,0.3919882,560.0804,558.6279
817.5,-0.2215206,0.4129287,560.1174,558.7612
818.5,-0.01945871,0.1987393,560.4224,558.6576
819.5,-0.0929862,0.05460248,560.4584,558.6209
820.5,-0.14933,-0.089702,560.5175,558.5798
821.5,-0.2391057,-0.1699222,560.5478,558.5978
822.5,-0.277459,-0.2427135,560.633,558.6171
823.5,-0.3666016,-0.3535064,560.6695,558.5919
824.5,-0.3852406,-0.5161241,560.777,558.5075
825.5,-0.3767579,-0.7767495,560.9108,558.3174
826.5,-0.33239,-0.8582101,561.0777,558.2985
827.5,-0.2643452,-0.7703279,561.264,558.4406
828.5,-0.2003913,-0.538242,561.4402,558.7188
829.5,-0.0789822,-0.4316511,561.6664,558.8631
830.5,0.05739981,-0.2256645,561.8985,559.0988
831.5,0.1255976,-0.08848694,562.052,559.2579
832.5,0.2262003,0.1090278,562.2263,559.4697
833.5,0.3615744,0.3295833,562.4227,559.6974
834.5,0.425771,0.5189943,562.5345,559.8871
835.5,0.5150244,0.53241,562.6573,559.8947
836.5,0.5627174,0.5709147,562.7242,559.9214
837.5,0.57017,0.5746098,562.7365,559.9078
838.5,0.5874844,0.5442832,562.7445,559.8553
839.5,0.5827031,0.4861851,562.7166,559.7704
840.5,0.5879089,0.4720982,562.6858,559.7254
841.5,0.541755,0.3586469,562.5916,559.577
842.5,0.4940445,0.2837629,562.4849,559.4636
843.5,0.4333877,0.2190612,562.3557,559.3569
844.5,-0.7087897,0.08647765,561.1369,559.179
845.5,-0.6323632,-0.02218596,561.1304,559.0217
846.5,-0.5847669,-0.2207522,561.0902,558.7711
847.5,-0.5535222,-0.3489386,561.0306,558.5876
848.5,-0.5382296,-0.3867915,560.9537,558.491
849.5,-0.518369,-0.3719331,560.8817,558.4434
850.5,-0.4510232,-0.4052473,560.8591,558.3439
851.5,-0.4749887,-0.3937541,560.7484,558.285
852.5,-0.4493302,-0.4296478,560.6918,558.1746
853.5,-0.3983143,-0.4572465,560.6661,558.0681
854.5,-0.3276942,-0.4594676,560.6665,557.9822
855.5,-0.2742255,-0.4493591,560.6568,557.9039
856.5,-0.1882631,-0.4333718,560.687,557.8267
857.5,-0.1527955,-0.3386181,560.6741,557.8234
858.5,-0.1209413,-0.1362984,560.6651,557.9228
859.5,-0.0642974,0.1432135,560.6878,558.0948
860.5,-0.0269464,0.3718472,560.6976,558.2117
861.5,0.1698249,0.5481346,560.8724,558.2721
862.5,0.3620028,0.5464735,561.0472,558.1511
863.5,0.4822444,0.5921625,561.1535,558.0745
864.5,0.5323376,0.5743317,561.1919,557.9323
865.5,0.5315074,0.4075178,561.1804,557.6396
866.5,0.5547783,0.1299406,561.1926,557.2356
867.5,0.57389,0.02338604,561.199,557.0032
868.5,0.5747012,-0.1111465,561.1841,556.7443
869.5,0.5494177,-0.1163907,561.1392,556.6174
870.5,0.5261152,0.03860024,561.0912,556.6545
871.5,0.4866008,0.2802006,561.0211,556.7833
872.5,0.3933717,0.3888533,560.8906,556.7853
873.5,0.259086,0.462654,560.7122,556.7597
874.5,0.09571413,0.2902995,560.4973,556.4965
875.5,-0.1296632,0.06845615,560.2133,556.1931
876.5,-0.3929587,-0.08936607,559.8844,555.9642
877.5,-0.9194022,-0.3134374,559.2858,555.6803
878.5,-0.8240314,-0.4736982,559.3033,555.472
879.5,-0.7169482,-0.5815969,559.3276,555.3285
880.5,-0.64823,-0.583164,559.3098,555.304
881.5,-0.5902583,-0.6070473,559.2786,555.2702
882.5,-0.4876926,-0.5575193,559.2907,555.3227
883.5,-0.3674152,-0.5085759,559.3207,555.3872
884.5,-0.3187016,-0.3369895,559.2807,555.5867
885.5,-0.2228005,-0.1368624,559.2909,555.8262
886.5,-0.1691909,0.04245245,559.2632,556.0558
887.5,-0.02991332,0.1520317,559.3269,556.2255
888.5,0.01599245,0.2440746,559.3041,556.3862
889.5,0.07136792,0.2221319,559.2985,556.4403
890.5,0.170318,0.2197456,559.3452,556.5197
891.5,0.2587467,0.2380013,559.3906,556.6241
892.5,0.3137085,0.2490767,559.4121,556.7238
893.5,0.3757958,0.2293581,559.4505,556.7937
894.5,0.3750532,0.3080898,559.4355,556.9612
895.5,0.4137615,0.4183469,559.4692,557.1575
896.5,0.4536299,0.5449892,559.5125,557.366
897.5,0.4572811,0.5806484,559.5272,557.4775
898.5,0.3994842,0.4868922,559.4871,557.4522
899.5,0.3703285,0.3371653,559.4808,557.362
900.5,0.3227007,0.1091208,559.46,557.1832
901.5,0.2488798,-0.1595202,559.4154,556.9526
902.5,0.1388632,-0.4299484,559.3354,556.708
903.5,0.01823831,-0.5084751,559.244,556.6425
904.5,-0.011311,-0.3895023,559.2413,556.761
905.5,-0.1961855,-0.2297758,559.0793,556.9067
906.5,-0.2107083,-0.1312866,559.0824,556.9777
907.5,-0.2724982,-0.2027956,559.0316,556.8652
908.5,-0.3567681,-0.3331446,558.9507,556.681
909.5,-0.3517719,-0.4106081,558.9504,556.5375
910.5,-0.3372743,-0.5098318,558.9505,556.3611
911.5,-0.3310121,-0.5805959,558.9326,556.2029
912.5,-0.3431597,-0.5196356,558.8867,556.1676
913.5,-0.3079771,-0.1656093,558.8783,556.418
914.5,-0.2891855,0.2347997,558.8444,556.7088
915.5,-0.2255904,0.4757056,558.8467,556.836
916.5,-0.1517804,0.6433917,558.8517,556.8875
917.5,-0.07126613,0.6424667,558.8569,556.7697
918.5,-0.0054534,0.4353363,558.8422,556.4467
919.5,0.04788112,0.1842039,558.8115,556.0825
920.5,0.1059614,0.03241243,558.7834,555.8222
921.5,0.1435487,-0.04402512,558.7347,555.6432
922.5,0.2156234,-0.03754431,558.7219,555.5548
923.5,0.2061376,0.07836162,558.6309,555.5847
924.5,0.186149,0.1638605,558.5343,555.5941
925.5,0.1777155,0.1621288,558.456,555.5273
926.5,0.1968768,0.07416065,558.4135,555.386
927.5,0.1796724,-0.02461988,558.3441,555.2463
928.5,0.174501,-0.07676025,558.2975,555.1659
929.5,0.2134043,-0.07902872,558.3068,555.1481
930.5,0.2040496,0.03849285,558.2801,555.2629
931.5,0.1659186,0.1531891,558.2375,555.3873
932.5,0.1330626,0.1540636,558.2132,555.4097
933.5,0.0985309,-0.01054403,558.2002,555.2778
934.5,0.03705679,-0.1216091,558.1728,555.2098
935.5,-0.02339915,-0.1710093,558.1584,555.2128
936.5,-0.1506254,-0.283115,558.0884,555.161
937.5,-0.2742883,-0.5168768,558.032,554.9944
938.5,-0.3808514,-0.6322064,558.0014,554.9517
939.5,-0.4242674,-0.6006863,558.0414,555.0598
940.5,-0.2437044,-0.4249298,558.3111,555.3146
941.5,-0.1093525,-0.2115463,558.5388,555.608
942.5,-0.06720744,0.0002827835,558.6766,555.8994
943.5,0.03207726,0.2004466,558.8723,556.1772
944.5,0.223902,0.3686386,559.1595,556.4199
945.5,0.2722305,0.526458,559.3005,556.6477
946.5,0.1972113,0.5245615,559.3138,556.71
947.5,0.1474094,0.492843,559.3467,556.7358
948.5,0.08538079,0.6656153,559.3602,556.9584
949.5,0.05973316,0.7069772,559.4019,557.0413
950.5,0.06269392,0.5687798,559.463,556.9354
951.5,0.02534519,0.3430363,559.4738,556.7326
952.5,-0.0117709,0.06960167,559.4742,556.4723
953.5,-0.05661365,-0.3078331,559.4559,556.098
954.5,-0.1051946,-0.5810789,559.4227,555.8179
955.5,-0.1085652,-0.7054203,559.4235,555.6769
956.5,-0.2739976,-0.6231529,559.2513,555.7331
957.5,-0.2552793,-0.4129857,559.2525,555.908
958.5,-0.2707693,-0.3787729,559.2094,555.8983
959.5,-0.2163123,-0.4725352,559.2266,555.7527
960.5,-0.1621128,-0.4503866,559.2346,555.7156
961.5,-0.1177583,-0.2892689,559.2246,555.8109
962.5,-0.06267155,-0.04441616,559.2181,555.9842
963.5,-0.001125384,0.2461183,559.2115,556.1981
964.5,0.06602634,0.4218314,559.205,556.2932
965.5,0.1379455,0.5167392,559.1985,556.304
966.5,0.2138281,0.5286179,559.192,556.2294
967.5,0.2929196,0.4801113,559.1854,556.0927
968.5,0.3068624,0.3291438,559.1113,555.8527
969.5,0.3048679,0.1577115,559.0192,555.5919
970.5,0.2759982,-0.07170269,558.899,555.2736
971.5,0.2280865,-0.1757879,558.7588,555.0816
972.5,0.1757793,-0.2165913,558.6137,554.9544
973.5,0.1171107,-0.1733256,558.462,554.9133
974.5,0.02800716,-0.1040525,558.28,554.9006
975.5,-0.02172089,-0.0483312,558.1376,554.877
976.5,-0.02163401,-0.06670956,558.0453,554.7823
977.5,-0.04718883,-0.04871092,557.9278,554.727
978.5,-0.01660169,-0.02704771,557.8669,554.6786
979.5,0.03349508,-0.005444517,557.8261,554.6335
980.5,0.03909263,0.05246317,557.7414,554.628
981.5,0.07253335,0.1439616,557.6852,554.6594
982.5,0.1001109,0.2199881,557.6238,554.6784
983.5,-0.539937,0.1966615,556.8958,554.6013
984.5,-0.4617327,0.131972,556.8868,554.4857
985.5,-0.3429612,0.05383928,556.9197,554.3595
986.5,-0.3202436,0.03218931,556.858,554.2925
987.5,-0.2209869,-0.0650086,556.8744,554.1523
988.5,-0.170149,-0.1557307,556.8445,554.0211
989.5,-0.1777321,-0.2538404,556.7585,553.8845
990.5,-0.1344084,-0.3966427,556.7262,553.7052
991.5,-0.07323552,-0.4803962,556.7149,553.5868
992.5,-0.04761775,-0.4017375,556.6717,553.6324
993.5,-0.02943265,-0.3061539,556.6251,553.6965
994.5,0.07118198,-0.1321764,556.6653,553.8403
995.5,0.08619478,0.06507213,556.6249,554.0087
996.5,0.1704347,0.2287448,556.6589,554.1446
997.5,0.2338528,0.2826299,556.6777,554.1719
998.5,0.2410557,0.3487423,556.6461,554.2124
999.5,0.2704788,0.3151936,556.6427,554.1542
1000.5,0.3005326,0.2190043,556.6462,554.0343
1001.5,-0.2241932,-0.5647142,556.6114,553.9512
1002.5,-0.1100802,-0.4910853,556.7086,553.9892
1003.5,-0.02068311,-0.4420445,556.8057,554.0177
1004.5,-0.001204553,-0.4021752,556.8568,554.0515
1005.5,0.02083999,-0.3452747,556.9329,554.1163
1006.5,-0.04035144,-0.3055289,556.9467,554.1768
1007.5,-0.08299257,-0.1642008,556.9977,554.3507
1008.5,-0.2004606,0.0778347,556.9902,554.6358
1009.5,-0.3480241,0.2425835,556.9664,554.8527
1010.5,-0.3886631,0.353516,557.0601,555.0229
1011.5,-0.3457744,0.4810094,557.2449,555.2153
1012.5,-0.2711453,0.5175301,557.4658,555.3202
1013.5,-0.09519728,0.5100099,557.7889,555.3825
1014.5,0.02871743,0.3963884,558.0577,555.338
1015.5,0.1758219,0.2566206,558.3441,555.2643
1016.5,0.3572071,0.1360093,558.6559,555.2048
1017.5,0.503036,0.1019315,558.9202,555.2245
1018.5,0.6070586,0.09560838,559.1281,555.2625
1019.5,0.6501804,0.1581419,559.2578,555.3578
1020.5,0.652036,0.2515202,559.3268,555.4707
1021.5,0.6279052,0.3461656,559.3484,555.5696
1022.5,0.5834791,0.4144867,559.3268,555.6257
1023.5,0.4821391,0.3550376,559.2244,555.5359
1024.5,0.3258573,0.242912,559.0424,555.3747
1025.5,0.08255573,0.0491356,558.7486,555.1121
1026.5,-0.2176746,-0.1796117,558.3732,554.7947
1027.5,-0.3655572,-0.3533624,558.1262,554.5122
1028.5,-0.5037622,-0.3159263,557.866,554.4213
1029.5,-0.5552067,-0.2991804,557.6712,554.291
1030.5,-0.5420197,-0.274204,557.5215,554.151
1031.5,-0.457384,-0.3169293,557.4258,553.9271
1032.5,-0.3821874,-0.3329787,557.3057,553.7154
1033.5,-0.2600842,-0.405905,557.2204,553.4345
1034.5,-0.2260581,-0.3863285,557.0377,553.2361
1035.5,-0.2068256,-0.2604898,556.8338,553.1368
1036.5,-0.2753668,-0.08360723,556.539,553.0841
1037.5,-0.2418396,-0.06283488,556.3461,552.8739
1038.5,-0.2069402,0.02330786,556.1576,552.7307
1039.5,-0.1542907,-0.03004512,555.9926,552.4526
1040.5,-0.0799375,-0.2027315,555.858,552.0631
1041.5,0.0950738,-0.4328446,555.8353,551.6268
1042.5,0.08694486,-0.4919086,555.6429,551.3749
1043.5,0.1220778,-0.3070216,555.5093,551.3829
1044.5,0.08124313,0.03682709,555.3167,551.5679
1045.5,0.07204362,0.3021799,555.1742,551.6942
1046.5,0.1335655,0.4706815,555.1216,551.7449
1047.5,0.1660246,0.5150266,555.0596,551.6935
1048.5,0.1983704,0.5129432,555.0172,551.6185
1049.5,0.2420297,0.526846,555.0054,551.5819
1050.5,0.2879054,0.5398178,555.0146,551.5665
1051.5,0.3342375,0.4262433,555.0417,551.4456
1052.5,0.3821178,0.2926115,555.0864,551.324
1053.5,0.3907242,0.2541542,555.1062,551.3153
1054.5,0.300541,0.2416885,555.0396,551.3477
1055.5,0.2058682,0.1894887,554.9786,551.353
1056.5,0.1565809,0.08484262,554.9708,551.3152
1057.5,0.09872052,-0.08914944,554.9598,551.2146
1058.5,0.03919614,-0.1056696,554.95,551.2744
1059.5,-0.03651556,-0.1270184,554.9244,551.3292
1060.5,-0.1179624,-0.2136125,554.8912,551.315
1061.5,-0.1512018,-0.3592299,554.902,551.2351
1062.5,-0.1979978,-0.373297,554.893,551.277
1063.5,-0.2217056,-0.2949109,554.8991,551.399
1064.5,-0.3091061,-0.2412423,554.832,551.4816
1065.5,-0.3181695,-0.2073435,554.8323,551.5279
1066.5,-0.2849799,-0.1058801,554.8633,551.624
1067.5,-0.2414829,-0.06605961,554.8923,551.6398
1068.5,-0.1645469,-0.08149141,554.9424,551.5816
1069.5,-0.1253943,-0.09448658,554.9426,551.5073
1070.5,-0.08270958,-0.1253328,554.9347,551.3976
1071.5,-0.1175883,-0.1434287,554.8386,551.2845
1072.5,-0.1327101,-0.07579866,554.7526,551.2433
1073.5,-0.1493051,-0.004307413,554.6572,551.1943
1074.5,-0.1070029,0.002492084,554.6145,551.0722
1075.5,-0.09011923,-0.1163632,554.5421,550.8191
1076.5,-0.05998477,-0.3388447,554.4805,550.4607
1077.5,-0.00834085,-0.4982495,554.4405,550.1673
1078.5,0.03836454,-0.3430376,554.3976,550.1943
1079.5,0.08690496,-0.04075153,554.3608,550.3779
1080.5,0.1274781,0.2435965,554.3224,550.5565
1081.5,0.1631024,0.4391229,554.2875,550.6628
1082.5,0.1903441,0.5130821,554.2543,550.6667
1083.5,0.175124,0.6543691,554.1902,550.7599
1084.5,0.1726044,0.779523,554.1517,550.8608
1085.5,0.1724495,0.6515105,554.1295,550.7337
1086.5,0.1575274,0.2976284,554.1068,550.4066
1087.5,0.1314336,-0.1183881,554.0876,550.0434
1088.5,0.1095514,-0.4467959,554.0873,549.793
1089.5,0.09141424,-0.554892,554.1048,549.7867
1090.5,0.08574177,-0.3591379,554.1479,550.106
1091.5,0.08897283,0.02472179,554.212,550.6323
1092.5,0.09470032,0.3878652,554.2891,551.1535
1093.5,0.1003011,0.4620132,554.3748,551.3972
1094.5,0.1123776,0.3521432,554.4738,551.4642
1095.5,0.1308053,0.2018521,554.5836,551.4931
1096.5,0.150582,0.1273894,554.6968,551.5954
1097.5,0.1647697,0.09674637,554.8043,551.7338
1098.5,0.1552647,0.106044,554.8853,551.8995
1099.5,0.1108233,0.03578879,554.9261,551.968
1100.5,0.05625611,-0.02057852,554.9493,552.028
1101.5,-0.01178582,-0.1185618,554.9492,552.0196
1102.5,-0.08725601,-0.1917275,554.9299,552.0056
1103.5,-0.1673571,-0.3948259,554.8923,551.8279
1104.5,-0.247134,-0.6155369,554.84,551.5964
1105.5,-0.3325459,-0.7418782,554.7657,551.4214
1106.5,-0.4066952,-0.6213054,554.6856,551.4543
1107.5,-0.4705502,-0.5829626,554.5981,551.366
1108.5,-0.5304177,-0.6640757,554.4967,551.1201
1109.5,-0.5677458,-0.7746165,554.4003,550.8082
1110.5,-0.561962,-0.6248234,554.33,550.7225
1111.5,-0.5453238,-0.4483567,554.2545,550.6327
1112.5,-0.5037256,-0.1832557,554.189,550.6046
1113.5,-0.4400029,0.2343871,554.1322,550.7068
1114.5,-0.351828,0.677417,554.0882,550.8172
1115.5,-0.2207302,0.9140408,554.0775,550.7094
1116.5,-0.03782483,0.9777058,554.1108,550.4227
1117.5,0.2113083,0.8894057,554.205,549.9839
1118.5,0.443714,0.7236152,554.279,549.4733
1119.5,0.6856283,0.5655242,554.3615,548.9818
1120.5,0.9189816,0.5141634,554.4363,548.6139
1121.5,1.004281,0.5940939,554.3662,548.399
1122.5,1.119,0.5025957,554.3303,548.0389
1123.5,1.168853,0.3370667,554.236,547.6348
1124.5,1.216279,0.1317926,554.1471,547.2241
1125.5,1.089987,0.03379846,553.8935,546.956
1126.5,0.9326416,0.02225497,553.6187,546.8112
1127.5,0.6187438,0.04815529,553.1978,546.741
1128.5,0.1884463,0.09260552,552.6711,546.7264
1129.5,-0.275149,0.1123018,552.1219,546.723
1130.5,-0.5357764,-0.04211475,551.7859,546.5791
1131.5,-0.8182253,-0.2972637,551.438,546.3656
1132.5,-0.9753096,-0.5261117,551.2244,546.2059
1133.5,-1.086422,-0.7048729,551.0648,546.12
1134.5,-1.119119,-0.9155611,550.9905,546.0212
1135.5,-1.124972,-1.074326,550.9486,545.9886
1136.5,-1.043081,-1.2049,550.9988,545.9935
1137.5,-0.9576191,-1.228467,551.0554,546.1097
1138.5,-0.8214082,-1.04785,551.1642,546.4291
1139.5,-0.6090772,-0.7501512,551.3495,546.8601
1140.5,-0.5064883,-0.4715697,551.4241,547.2618
1141.5,-0.3215884,-0.1353098,551.579,547.707
1142.5,-0.1161419,0.2480253,551.7516,548.1816
1143.5,0.1049636,0.6290512,551.9364,548.6334
1144.5,0.3042146,0.8282253,552.0953,548.8807
1145.5,0.5029067,0.8996933,552.2495,548.9762
1146.5,0.6202453,1.047702,552.3181,549.1235
1147.5,0.7091323,1.157119,552.3544,549.2076
1148.5,0.7490987,1.144946,552.3382,549.1465
1149.5,0.7128074,0.9902101,552.243,548.9208
1150.5,0.7087154,0.7805908,552.178,548.6204
1151.5,0.6974331,0.500528,552.1049,548.2327
1152.5,0.6391431,0.2316292,551.9849,547.8425
1153.5,0.5217837,0.006482544,551.8073,547.4864
1154.5,0.4545088,-0.04938294,551.6823,547.2936
1155.5,0.3821501,-0.1065889,551.556,547.0979
1156.5,0.3274345,-0.2102725,551.4524,546.858
1157.5,0.2239907,-0.3955561,551.3061,546.543
1158.5,0.1647082,-0.5411237,551.2109,546.2778
1159.5,0.0821695,-0.6442482,551.1003,546.0687
1160.5,-0.01377403,-0.6579682,550.9845,545.9653
1161.5,-0.04449552,-0.5638111,550.9425,545.9886
1162.5,-0.1521169,-0.2373174,550.8323,546.2646
1163.5,-0.2915509,0.003854313,550.6988,546.4769
1164.5,-0.461894,0.1156045,550.5424,546.5815
1165.5,-0.6035138,0.07221194,550.422,546.5522
1166.5,-0.7024102,-0.03821054,550.3506,546.476
1167.5,-0.7670903,-0.1886162,550.3184,546.378
1168.5,-0.7928206,-0.3701669,550.3289,546.2645
1169.5,-0.7925925,-0.5438434,550.3674,546.1714
1170.5,-0.7286747,-0.6638475,550.4698,546.1409
1171.5,-0.6265845,-0.5802364,550.6089,546.3188
1172.5,-0.4766397,-0.3874227,550.7924,546.6066
1173.5,-0.3339969,-0.1276125,550.9633,546.9575
1174.5,-0.1704001,0.09151615,551.1481,547.2595
1175.5,0.02405123,0.2825902,551.3549,547.5208
1176.5,0.2091257,0.479417,551.5419,547.7712
1177.5,0.296908,0.6703309,551.62,547.9952
1178.5,0.4091383,0.7303921,551.7096,548.0648
1179.5,0.4544157,0.6751298,551.7186,547.9929
1180.5,0.4258406,0.60272,551.6396,547.8754
1181.5,0.4073622,0.511178,551.5563,547.7094
1182.5,0.4048905,0.3725302,551.4747,547.4662
1183.5,0.3851064,0.1002589,551.362,547.0599
1184.5,0.4541797,-0.1800107,551.3251,546.6169
1185.5,0.3537526,-0.3908652,551.107,546.2169
1186.5,0.3556264,-0.3118987,550.9807,546.0828
1187.5,0.4276921,-0.06103394,550.9159,546.1
1188.5,0.5614689,0.03165912,550.9061,545.9425
1189.5,0.6250089,-0.01166468,550.8214,545.6369
1190.5,0.6695018,0.0006250143,550.7153,545.3796
1191.5,0.65577,-0.03544798,550.5509,545.0717
1192.5,0.5180808,-0.09141628,550.265,544.7471
1193.5,0.3647205,-0.1319624,549.9681,544.446
1194.5,0.1802733,0.08126269,549.6471,544.4122
1195.5,-0.06842792,0.240022,549.2709,544.3419
1196.5,-0.3289949,0.1782136,548.894,544.0735
1197.5,-0.6594945,0.01896526,548.4598,543.7339
1198.5,-1.01593,-0.2086895,548.0137,543.3554
1199.5,-1.212201,-0.3800867,547.7431,543.0651
1200.5,-1.285582,-0.406642,547.6113,542.9532
