filtered_height(m) PDF_ph PDF_UAV PDF_IS2 
-10,1.695111e-12,0,1.240611e-28
-9.99,1.773118e-12,0,1.402347e-28
-9.98,1.854631e-12,0,1.584971e-28
-9.97,1.939814e-12,0,1.791154e-28
-9.96,2.028809e-12,0,2.023906e-28
-9.95,2.121802e-12,0,2.286618e-28
-9.94,2.218948e-12,0,2.583108e-28
-9.93,2.32044e-12,0,2.917679e-28
-9.92,2.426473e-12,0,3.295173e-28
-9.91,2.537241e-12,0,3.721045e-28
-9.9,2.65293e-12,0,4.201432e-28
-9.89,2.773787e-12,0,4.743246e-28
-9.88,2.900019e-12,0,5.354263e-28
-9.87,3.031863e-12,0,6.043238e-28
-9.86,3.169539e-12,0,6.820018e-28
-9.85,3.31334e-12,0,7.695683e-28
-9.84,3.463508e-12,0,8.682697e-28
-9.83,3.620324e-12,0,9.795079e-28
-9.82,3.784053e-12,0,1.10486e-27
-9.81,3.955023e-12,0,1.246098e-27
-9.8,4.133536e-12,0,1.405216e-27
-9.79,4.319901e-12,0,1.584454e-27
-9.78,4.51449e-12,0,1.786332e-27
-9.77,4.717611e-12,0,2.013681e-27
-9.76,4.929656e-12,0,2.269681e-27
-9.75,5.151016e-12,0,2.557908e-27
-9.74,5.382072e-12,0,2.882377e-27
-9.73,5.623214e-12,0,3.2476e-27
-9.72,5.874927e-12,0,3.658644e-27
-9.71,6.137641e-12,0,4.121199e-27
-9.7,6.411822e-12,0,4.641655e-27
-9.69,6.697909e-12,0,5.227186e-27
-9.68,6.996482e-12,0,5.885846e-27
-9.67,7.308046e-12,0,6.626675e-27
-9.66,7.633152e-12,0,7.459819e-27
-9.65,7.972311e-12,0,8.396664e-27
-9.64,8.32621e-12,0,9.449984e-27
-9.63,8.695457e-12,0,1.063411e-26
-9.62,9.080629e-12,0,1.196513e-26
-9.61,9.482433e-12,0,1.346105e-26
-9.6,9.901624e-12,0,1.514212e-26
-9.59,1.033883e-11,0,1.703101e-26
-9.58,1.079492e-11,0,1.915313e-26
-9.57,1.127062e-11,0,2.153698e-26
-9.56,1.176674e-11,0,2.421452e-26
-9.55,1.228411e-11,0,2.722155e-26
-9.54,1.282373e-11,0,3.059818e-26
-9.53,1.338645e-11,0,3.438936e-26
-9.52,1.397316e-11,0,3.864546e-26
-9.51,1.458502e-11,0,4.342289e-26
-9.5,1.5223e-11,0,4.878484e-26
-9.49,1.588817e-11,0,5.480205e-26
-9.48,1.658159e-11,0,6.155376e-26
-9.47,1.730461e-11,0,6.912867e-26
-9.46,1.805831e-11,0,7.762608e-26
-9.45,1.884397e-11,0,8.715714e-26
-9.44,1.966297e-11,0,9.784624e-26
-9.43,2.051667e-11,0,1.098326e-25
-9.42,2.140641e-11,0,1.232719e-25
-9.41,2.233386e-11,0,1.383384e-25
-9.4,2.330035e-11,0,1.55227e-25
-9.39,2.430769e-11,0,1.741556e-25
-9.38,2.535734e-11,0,1.953681e-25
-9.37,2.645126e-11,0,2.19137e-25
-9.36,2.759101e-11,0,2.45767e-25
-9.35,2.877863e-11,0,2.755988e-25
-9.34,3.001612e-11,0,3.090131e-25
-9.33,3.130546e-11,0,3.464354e-25
-9.32,3.264871e-11,0,3.883413e-25
-9.31,3.404791e-11,0,4.352619e-25
-9.3,3.550567e-11,0,4.877908e-25
-9.29,3.702424e-11,0,5.465909e-25
-9.28,3.860586e-11,0,6.124025e-25
-9.27,4.025329e-11,0,6.860527e-25
-9.26,4.196937e-11,0,7.684644e-25
-9.25,4.375645e-11,0,8.606684e-25
-9.24,4.561774e-11,0,9.638155e-25
-9.23,4.755595e-11,1.401298e-45,1.07919e-24
-9.22,4.957445e-11,1.401298e-45,1.208224e-24
-9.21,5.167629e-11,1.401298e-45,1.352518e-24
-9.2,5.386491e-11,1.401298e-45,1.513855e-24
-9.19,5.614356e-11,1.401298e-45,1.694227e-24
-9.18,5.851608e-11,2.802597e-45,1.895852e-24
-9.17,6.098632e-11,2.802597e-45,2.121209e-24
-9.16,6.355796e-11,4.203895e-45,2.373057e-24
-9.15,6.62348e-11,4.203895e-45,2.654476e-24
-9.14,6.902177e-11,5.605194e-45,2.968897e-24
-9.13,7.192261e-11,7.006492e-45,3.320148e-24
-9.12,7.494227e-11,8.407791e-45,3.712492e-24
-9.11,7.808474e-11,1.121039e-44,4.150682e-24
-9.1,8.135573e-11,1.261169e-44,4.640013e-24
-9.09,8.476011e-11,1.681558e-44,5.186386e-24
-9.08,8.830276e-11,2.101948e-44,5.796373e-24
-9.07,9.198967e-11,2.522337e-44,6.477295e-24
-9.06,9.582601e-11,3.082857e-44,7.237304e-24
-9.05,9.981821e-11,3.923636e-44,8.08548e-24
-9.04,1.039718e-10,4.764415e-44,9.031932e-24
-9.03,1.082938e-10,6.025583e-44,1.008791e-23
-9.02,1.127901e-10,7.426882e-44,1.126595e-23
-9.01,1.17468e-10,9.10844e-44,1.257999e-23
-9,1.223349e-10,1.135052e-43,1.404554e-23
-8.99,1.273977e-10,1.401298e-43,1.567987e-23
-8.98,1.326632e-10,1.73761e-43,1.750219e-23
-8.97,1.381414e-10,2.143987e-43,1.953387e-23
-8.96,1.438391e-10,2.648454e-43,2.179866e-23
-8.95,1.497653e-10,3.279038e-43,2.432301e-23
-8.94,1.559281e-10,4.049753e-43,2.713629e-23
-8.93,1.62338e-10,5.002636e-43,3.02712e-23
-8.92,1.690041e-10,6.179726e-43,3.376406e-23
-8.91,1.75936e-10,7.623064e-43,3.765524e-23
-8.9,1.831433e-10,9.416726e-43,4.198964e-23
-8.89,1.906383e-10,1.163078e-42,4.681711e-23
-8.88,1.984315e-10,1.43493e-42,5.219309e-23
-8.87,2.065336e-10,1.76984e-42,5.817912e-23
-8.86,2.149567e-10,2.184624e-42,6.484362e-23
-8.85,2.237146e-10,2.693296e-42,7.226252e-23
-8.84,2.328179e-10,3.321077e-42,8.05202e-23
-8.83,2.422821e-10,4.094594e-42,8.971032e-23
-8.82,2.521197e-10,5.046076e-42,9.993689e-23
-8.81,2.623434e-10,6.217561e-42,1.113154e-22
-8.8,2.729715e-10,7.659497e-42,1.239739e-22
-8.79,2.840173e-10,9.43214e-42,1.380547e-22
-8.78,2.954974e-10,1.161396e-41,1.537156e-22
-8.77,3.074264e-10,1.429745e-41,1.711318e-22
-8.76,3.198245e-10,1.75947e-41,1.904974e-22
-8.75,3.327076e-10,2.164866e-41,2.120281e-22
-8.74,3.460948e-10,2.663168e-41,2.359628e-22
-8.73,3.600031e-10,3.275115e-41,2.625667e-22
-8.72,3.744555e-10,4.026911e-41,2.921336e-22
-8.71,3.894714e-10,4.950087e-41,3.249894e-22
-8.7,4.050697e-10,6.083457e-41,3.614954e-22
-8.69,4.212746e-10,7.474386e-41,4.02052e-22
-8.68,4.381097e-10,9.181308e-41,4.471029e-22
-8.67,4.55597e-10,1.127541e-40,4.971399e-22
-8.66,4.737621e-10,1.384399e-40,5.527078e-22
-8.65,4.926284e-10,1.699313e-40,6.144101e-22
-8.64,5.122238e-10,2.085426e-40,6.829155e-22
-8.63,5.325759e-10,2.558645e-40,7.589646e-22
-8.62,5.537138e-10,3.138516e-40,8.433772e-22
-8.61,5.756616e-10,3.848932e-40,9.370614e-22
-8.6,5.98456e-10,4.718887e-40,1.041022e-21
-8.59,6.221261e-10,5.784252e-40,1.156373e-21
-8.58,6.467035e-10,7.088482e-40,1.284345e-21
-8.57,6.722229e-10,8.684743e-40,1.426301e-21
-8.56,6.98714e-10,1.063769e-39,1.58375e-21
-8.55,7.262221e-10,1.302693e-39,1.758361e-21
-8.54,7.547793e-10,1.5949e-39,1.951979e-21
-8.53,7.844244e-10,1.952202e-39,2.166647e-21
-8.52,8.151973e-10,2.388941e-39,2.404623e-21
-8.51,8.471411e-10,2.922746e-39,2.668404e-21
-8.5,8.802972e-10,3.574974e-39,2.960753e-21
-8.49,9.147135e-10,4.371753e-39,3.284721e-21
-8.48,9.504312e-10,5.344709e-39,3.643684e-21
-8.47,9.875011e-10,6.532835e-39,4.041372e-21
-8.46,1.025973e-09,7.983129e-39,4.481906e-21
-8.45,1.065898e-09,9.753054e-39,4.969841e-21
-8.44,1.107323e-09,1.191247e-38,5.51021e-21
-8.43,1.150313e-09,1.45466e-38,6.10857e-21
-8.42,1.194918e-09,1.775921e-38,6.771064e-21
-8.41,1.241201e-09,2.167628e-38,7.504471e-21
-8.4,1.289213e-09,2.645037e-38,8.316281e-21
-8.39,1.339032e-09,3.226918e-38,9.21476e-21
-8.38,1.390714e-09,3.935844e-38,1.020904e-20
-8.37,1.444327e-09,4.799399e-38,1.130919e-20
-8.36,1.499935e-09,5.850993e-38,1.252633e-20
-8.35,1.557623e-09,7.13129e-38,1.387273e-20
-8.34,1.617459e-09,8.689671e-38,1.536194e-20
-8.33,1.679517e-09,1.058625e-37,1.70089e-20
-8.32,1.743883e-09,1.289367e-37,1.883007e-20
-8.31,1.810634e-09,1.57001e-37,2.084365e-20
-8.3,1.879857e-09,1.911309e-37,2.306966e-20
-8.29,1.951648e-09,2.32626e-37,2.553023e-20
-8.28,2.02609e-09,2.830631e-37,2.824971e-20
-8.27,2.103271e-09,3.443473e-37,3.125497e-20
-8.26,2.183309e-09,4.188092e-37,3.457562e-20
-8.25,2.266292e-09,5.092462e-37,3.824431e-20
-8.24,2.352328e-09,6.190754e-37,4.2297e-20
-8.23,2.441511e-09,7.524045e-37,4.677331e-20
-8.22,2.533979e-09,9.142264e-37,5.17169e-20
-8.21,2.629833e-09,1.110609e-36,5.717586e-20
-8.2,2.729196e-09,1.348853e-36,6.320316e-20
-8.19,2.832174e-09,1.637787e-36,6.985713e-20
-8.18,2.938928e-09,1.988165e-36,7.720201e-20
-8.17,3.049572e-09,2.412951e-36,8.530849e-20
-8.16,3.164235e-09,2.927803e-36,9.425443e-20
-8.15,3.283068e-09,3.551588e-36,1.041255e-19
-8.14,3.406226e-09,4.307369e-36,1.150161e-19
-8.13,3.53384e-09,5.22263e-36,1.270298e-19
-8.12,3.666086e-09,6.330986e-36,1.402809e-19
-8.11,3.80311e-09,7.672756e-36,1.54895e-19
-8.1,3.94508e-09,9.296515e-36,1.710102e-19
-8.09,4.092185e-09,1.126144e-35,1.887785e-19
-8.08,4.244591e-09,1.36385e-35,2.08367e-19
-8.07,4.402482e-09,1.651329e-35,2.299594e-19
-8.06,4.566029e-09,1.99891e-35,2.537578e-19
-8.05,4.735468e-09,2.419104e-35,2.799841e-19
-8.04,4.910982e-09,2.926914e-35,3.088824e-19
-8.03,5.092786e-09,3.540505e-35,3.40721e-19
-8.02,5.281063e-09,4.28175e-35,3.757946e-19
-8.01,5.476089e-09,5.176875e-35,4.144269e-19
-8,5.678074e-09,6.257762e-35,4.569738e-19
-7.99,5.887241e-09,7.562453e-35,5.038259e-19
-7.98,6.103853e-09,9.137041e-35,5.554123e-19
-7.97,6.328173e-09,1.103681e-34,6.122043e-19
-7.96,6.560442e-09,1.332855e-34,6.747194e-19
-7.95,6.800942e-09,1.609223e-34,7.435254e-19
-7.94,7.04997e-09,1.942429e-34,8.19246e-19
-7.93,7.307789e-09,2.344072e-34,9.025654e-19
-7.92,7.574729e-09,2.82814e-34,9.942348e-19
-7.91,7.851061e-09,3.411318e-34,1.095078e-18
-7.9,8.137141e-09,4.113842e-34,1.205999e-18
-7.89,8.433266e-09,4.959833e-34,1.32799e-18
-7.88,8.739817e-09,5.978353e-34,1.462139e-18
-7.87,9.057096e-09,7.204375e-34,1.609638e-18
-7.86,9.385518e-09,8.679682e-34,1.771796e-18
-7.85,9.725404e-09,1.045469e-33,1.950046e-18
-7.84,1.007719e-08,1.258966e-33,2.145963e-18
-7.83,1.044123e-08,1.515712e-33,2.361268e-18
-7.82,1.081799e-08,1.824378e-33,2.597851e-18
-7.81,1.120784e-08,2.195408e-33,2.857782e-18
-7.8,1.161127e-08,2.641226e-33,3.143328e-18
-7.79,1.202866e-08,3.176891e-33,3.456976e-18
-7.78,1.246053e-08,3.820216e-33,3.801445e-18
-7.77,1.290739e-08,4.592791e-33,4.179719e-18
-7.76,1.336968e-08,5.520242e-33,4.595061e-18
-7.75,1.384796e-08,6.633406e-33,5.051046e-18
-7.74,1.434271e-08,7.969279e-33,5.55159e-18
-7.73,1.485454e-08,9.571783e-33,6.100974e-18
-7.72,1.538393e-08,1.149376e-32,6.703891e-18
-7.71,1.593156e-08,1.379866e-32,7.365471e-18
-7.7,1.649792e-08,1.656154e-32,8.091332e-18
-7.69,1.708376e-08,1.987326e-32,8.887618e-18
-7.68,1.76896e-08,2.38412e-32,9.761052e-18
-7.67,1.831617e-08,2.859511e-32,1.071899e-17
-7.66,1.89641e-08,3.428832e-32,1.176947e-17
-7.65,1.963415e-08,4.110574e-32,1.292128e-17
-7.64,2.032698e-08,4.926656e-32,1.418406e-17
-7.63,2.104342e-08,5.903383e-32,1.55683e-17
-7.62,2.178413e-08,7.07211e-32,1.70855e-17
-7.61,2.254995e-08,8.470114e-32,1.874823e-17
-7.6,2.334175e-08,1.014222e-31,2.05702e-17
-7.59,2.416028e-08,1.214141e-31,2.256643e-17
-7.58,2.500653e-08,1.453143e-31,2.475329e-17
-7.57,2.588125e-08,1.738761e-31,2.71487e-17
-7.56,2.678552e-08,2.08004e-31,2.97722e-17
-7.55,2.772013e-08,2.487703e-31,3.264516e-17
-7.54,2.868622e-08,2.97456e-31,3.579088e-17
-7.53,2.968464e-08,3.555839e-31,3.923485e-17
-7.52,3.071661e-08,4.249761e-31,4.300486e-17
-7.51,3.178302e-08,5.077837e-31,4.713125e-17
-7.5,3.288516e-08,6.065911e-31,5.164714e-17
-7.49,3.402403e-08,7.244471e-31,5.658867e-17
-7.48,3.520093e-08,8.650007e-31,6.199528e-17
-7.47,3.64169e-08,1.032576e-30,6.790999e-17
-7.46,3.767339e-08,1.232333e-30,7.437972e-17
-7.45,3.897153e-08,1.470367e-30,8.145568e-17
-7.44,4.031267e-08,1.753979e-30,8.919369e-17
-7.43,4.169834e-08,2.091786e-30,9.765461e-17
-7.42,4.312975e-08,2.494099e-30,1.069048e-16
-7.41,4.460851e-08,2.973048e-30,1.170167e-16
-7.4,4.613595e-08,3.543164e-30,1.28069e-16
-7.39,4.77137e-08,4.221605e-30,1.401478e-16
-7.38,4.934343e-08,5.028746e-30,1.533468e-16
-7.37,5.102661e-08,5.988821e-30,1.677679e-16
-7.36,5.27651e-08,7.130456e-30,1.835223e-16
-7.35,5.456043e-08,8.487676e-30,2.007311e-16
-7.34,5.641462e-08,1.01009e-29,2.195263e-16
-7.33,5.832928e-08,1.201797e-29,2.400515e-16
-7.32,6.030658e-08,1.429537e-29,2.62463e-16
-7.31,6.234826e-08,1.700044e-29,2.869312e-16
-7.3,6.445632e-08,2.021254e-29,3.136413e-16
-7.29,6.663296e-08,2.402599e-29,3.427953e-16
-7.28,6.888011e-08,2.855189e-29,3.746125e-16
-7.27,7.120028e-08,3.39227e-29,4.093319e-16
-7.26,7.359537e-08,4.029387e-29,4.472134e-16
-7.25,7.606787e-08,4.785043e-29,4.8854e-16
-7.24,7.86204e-08,5.681109e-29,5.33619e-16
-7.23,8.125502e-08,6.743314e-29,5.827849e-16
-7.22,8.397452e-08,8.002244e-29,6.364017e-16
-7.21,8.67816e-08,9.494052e-29,6.948648e-16
-7.2,8.967859e-08,1.126118e-28,7.586041e-16
-7.19,9.266873e-08,1.33542e-28,8.280871e-16
-7.18,9.575437e-08,1.583235e-28,9.038218e-16
-7.17,9.893895e-08,1.876613e-28,9.863603e-16
-7.16,1.022251e-07,2.223803e-28,1.076302e-15
-7.15,1.056162e-07,2.634631e-28,1.1743e-15
-7.14,1.09115e-07,3.120582e-28,1.28106e-15
-7.13,1.127254e-07,3.695313e-28,1.397353e-15
-7.12,1.164503e-07,4.374883e-28,1.524012e-15
-7.11,1.202936e-07,5.178151e-28,1.661946e-15
-7.1,1.242584e-07,6.127527e-28,1.812139e-15
-7.09,1.283489e-07,7.24918e-28,1.975658e-15
-7.08,1.325684e-07,8.574195e-28,2.153665e-15
-7.07,1.369213e-07,1.013893e-27,2.347418e-15
-7.06,1.414111e-07,1.198645e-27,2.558284e-15
-7.05,1.460422e-07,1.416721e-27,2.787744e-15
-7.04,1.508192e-07,1.674071e-27,3.037408e-15
-7.03,1.557458e-07,1.977708e-27,3.30902e-15
-7.02,1.60827e-07,2.335877e-27,3.604471e-15
-7.01,1.66067e-07,2.75825e-27,3.925813e-15
-7,1.714711e-07,3.256243e-27,4.275273e-15
-6.99,1.770437e-07,3.843213e-27,4.65526e-15
-6.98,1.827902e-07,4.53494e-27,5.06839e-15
-6.97,1.887153e-07,5.349886e-27,5.517497e-15
-6.96,1.948251e-07,6.30982e-27,6.005652e-15
-6.95,2.01124e-07,7.440173e-27,6.536184e-15
-6.94,2.076188e-07,8.770944e-27,7.112697e-15
-6.93,2.143142e-07,1.033732e-26,7.739098e-15
-6.92,2.212171e-07,1.218065e-26,8.419618e-15
-6.91,2.283327e-07,1.434914e-26,9.15884e-15
-6.9,2.356683e-07,1.689984e-26,9.961725e-15
-6.89,2.432294e-07,1.989928e-26,1.083365e-14
-6.88,2.510228e-07,2.342531e-26,1.178042e-14
-6.87,2.590563e-07,2.756984e-26,1.280834e-14
-6.86,2.673358e-07,3.243968e-26,1.392422e-14
-6.85,2.758686e-07,3.816062e-26,1.513544e-14
-6.84,2.846633e-07,4.488013e-26,1.644997e-14
-6.83,2.937261e-07,5.277046e-26,1.787646e-14
-6.82,3.030659e-07,6.203311e-26,1.942422e-14
-6.81,3.126902e-07,7.290497e-26,2.110337e-14
-6.8,3.226069e-07,8.566113e-26,2.292483e-14
-6.79,3.328256e-07,1.006263e-25,2.490041e-14
-6.78,3.433536e-07,1.181771e-25,2.704288e-14
-6.77,3.542014e-07,1.38757e-25,2.936603e-14
-6.76,3.653768e-07,1.628808e-25,3.18848e-14
-6.75,3.768908e-07,1.911545e-25,3.461531e-14
-6.74,3.887514e-07,2.24284e-25,3.757498e-14
-6.73,4.009704e-07,2.630915e-25,4.078264e-14
-6.72,4.135568e-07,3.085404e-25,4.425864e-14
-6.71,4.265212e-07,3.617589e-25,4.802493e-14
-6.7,4.398756e-07,4.240519e-25,5.210526e-14
-6.69,4.536295e-07,4.969594e-25,5.652524e-14
-6.68,4.677953e-07,5.822571e-25,6.131255e-14
-6.67,4.823859e-07,6.820424e-25,6.649705e-14
-6.66,4.974109e-07,7.987311e-25,7.2111e-14
-6.65,5.128853e-07,9.351713e-25,7.818918e-14
-6.64,5.288193e-07,1.094651e-24,8.476917e-14
-6.63,5.452285e-07,1.281025e-24,9.189149e-14
-6.62,5.621238e-07,1.498789e-24,9.959987e-14
-6.61,5.795217e-07,1.753145e-24,1.079415e-13
-6.6,5.974333e-07,2.050191e-24,1.169672e-13
-6.59,6.158764e-07,2.396982e-24,1.267318e-13
-6.58,6.348634e-07,2.801798e-24,1.372947e-13
-6.57,6.544112e-07,3.274188e-24,1.487194e-13
-6.56,6.745356e-07,3.825336e-24,1.610749e-13
-6.55,6.952509e-07,4.468178e-24,1.744352e-13
-6.54,7.16575e-07,5.217821e-24,1.888802e-13
-6.53,7.385261e-07,6.091796e-24,2.044961e-13
-6.52,7.611188e-07,7.110512e-24,2.213755e-13
-6.51,7.843732e-07,8.297573e-24,2.396185e-13
-6.5,8.083091e-07,9.680592e-24,2.593327e-13
-6.49,8.329421e-07,1.129137e-23,2.806341e-13
-6.48,8.582949e-07,1.316715e-23,3.036475e-13
-6.47,8.843842e-07,1.535085e-23,3.285073e-13
-6.46,9.112337e-07,1.789256e-23,3.553584e-13
-6.45,9.388614e-07,2.085002e-23,3.843566e-13
-6.44,9.67292e-07,2.429065e-23,4.156696e-13
-6.43,9.965443e-07,2.829233e-23,4.494779e-13
-6.42,1.026645e-06,3.294565e-23,4.859758e-13
-6.41,1.057613e-06,3.8355e-23,5.253722e-13
-6.4,1.089476e-06,4.464235e-23,5.67892e-13
-6.39,1.122255e-06,5.194797e-23,6.13777e-13
-6.38,1.15598e-06,6.04345e-23,6.632874e-13
-6.37,1.190672e-06,7.029112e-23,7.167026e-13
-6.36,1.226362e-06,8.173578e-23,7.743236e-13
-6.35,1.263072e-06,9.502122e-23,8.364735e-13
-6.34,1.300832e-06,1.1044e-22,9.035e-13
-6.33,1.339675e-06,1.283314e-22,9.757764e-13
-6.32,1.379624e-06,1.490851e-22,1.053704e-12
-6.31,1.420715e-06,1.731548e-22,1.137715e-12
-6.3,1.462972e-06,2.010614e-22,1.228271e-12
-6.29,1.506436e-06,2.33413e-22,1.325871e-12
-6.28,1.55113e-06,2.70904e-22,1.43105e-12
-6.27,1.597094e-06,3.143445e-22,1.544381e-12
-6.26,1.644358e-06,3.646619e-22,1.666481e-12
-6.25,1.692963e-06,4.229337e-22,1.798013e-12
-6.24,1.742937e-06,4.904065e-22,1.939685e-12
-6.23,1.794323e-06,5.685021e-22,2.092262e-12
-6.22,1.847156e-06,6.588819e-22,2.256561e-12
-6.21,1.901479e-06,7.63454e-22,2.433462e-12
-6.2,1.957326e-06,8.844061e-22,2.623906e-12
-6.19,2.014743e-06,1.024288e-21,2.828905e-12
-6.18,2.073767e-06,1.186001e-21,3.049542e-12
-6.17,2.134444e-06,1.372937e-21,3.286982e-12
-6.16,2.196821e-06,1.588945e-21,3.542472e-12
-6.15,2.260936e-06,1.838522e-21,3.817348e-12
-6.14,2.32684e-06,2.126781e-21,4.113045e-12
-6.13,2.394583e-06,2.459648e-21,4.4311e-12
-6.12,2.464207e-06,2.843968e-21,4.77316e-12
-6.11,2.535773e-06,3.287538e-21,5.14099e-12
-6.1,2.609318e-06,3.799416e-21,5.536483e-12
-6.09,2.684905e-06,4.389934e-21,5.961665e-12
-6.08,2.76258e-06,5.071068e-21,6.418706e-12
-6.07,2.84241e-06,5.856471e-21,6.909934e-12
-6.06,2.924443e-06,6.761946e-21,7.437837e-12
-6.05,3.008735e-06,7.805531e-21,8.005083e-12
-6.04,3.095351e-06,9.00803e-21,8.614527e-12
-6.03,3.184346e-06,1.039334e-20,9.269226e-12
-6.02,3.27579e-06,1.198894e-20,9.972452e-12
-6.01,3.36974e-06,1.382614e-20,1.072771e-11
-6,3.466262e-06,1.594124e-20,1.153874e-11
-5.99,3.565435e-06,1.837544e-20,1.240955e-11
-5.98,3.66731e-06,2.117646e-20,1.334444e-11
-5.97,3.771968e-06,2.43985e-20,1.434799e-11
-5.96,3.879487e-06,2.810444e-20,1.542512e-11
-5.95,3.989926e-06,3.236529e-20,1.658106e-11
-5.94,4.103379e-06,3.726338e-20,1.782143e-11
-5.93,4.219907e-06,4.289248e-20,1.915223e-11
-5.92,4.339603e-06,4.936086e-20,2.057987e-11
-5.91,4.462536e-06,5.679069e-20,2.211121e-11
-5.9,4.588805e-06,6.532404e-20,2.375357e-11
-5.89,4.718479e-06,7.51215e-20,2.551478e-11
-5.88,4.851664e-06,8.636805e-20,2.74032e-11
-5.87,4.988432e-06,9.927501e-20,2.942777e-11
-5.86,5.128894e-06,1.140836e-19,3.159802e-11
-5.85,5.273126e-06,1.310695e-19,3.392416e-11
-5.84,5.421237e-06,1.505496e-19,3.641706e-11
-5.83,5.573327e-06,1.728846e-19,3.908835e-11
-5.82,5.729491e-06,1.984858e-19,4.195042e-11
-5.81,5.889842e-06,2.278252e-19,4.501652e-11
-5.8,6.054473e-06,2.614383e-19,4.830079e-11
-5.79,6.22351e-06,2.999418e-19,5.18183e-11
-5.78,6.397048e-06,3.44032e-19,5.558514e-11
-5.77,6.575215e-06,3.945127e-19,5.961848e-11
-5.76,6.758123e-06,4.522928e-19,6.393663e-11
-5.75,6.945897e-06,5.184105e-19,6.855914e-11
-5.74,7.138651e-06,5.940577e-19,7.350682e-11
-5.73,7.336527e-06,6.805786e-19,7.880188e-11
-5.72,7.539635e-06,7.795173e-19,8.446801e-11
-5.71,7.748127e-06,8.926361e-19,9.053045e-11
-5.7,7.962117e-06,1.02192e-18,9.70161e-11
-5.69,8.181768e-06,1.169657e-18,1.039536e-10
-5.68,8.407199e-06,1.338433e-18,1.113736e-10
-5.67,8.638577e-06,1.531209e-18,1.193086e-10
-5.66,8.876038e-06,1.751324e-18,1.277932e-10
-5.65,9.119736e-06,2.002622e-18,1.368645e-10
-5.64,9.369826e-06,2.289429e-18,1.465617e-10
-5.63,9.626484e-06,2.61669e-18,1.569268e-10
-5.62,9.889852e-06,2.990043e-18,1.680044e-10
-5.61,1.016012e-05,3.415849e-18,1.798419e-10
-5.6,1.043744e-05,3.901388e-18,1.924899e-10
-5.59,1.0722e-05,4.454869e-18,2.060022e-10
-5.58,1.101397e-05,5.08569e-18,2.204361e-10
-5.57,1.131355e-05,5.804438e-18,2.358524e-10
-5.56,1.162092e-05,6.623265e-18,2.523161e-10
-5.55,1.193626e-05,7.555747e-18,2.69896e-10
-5.54,1.225981e-05,8.617477e-18,2.886655e-10
-5.53,1.259172e-05,9.826118e-18,3.087026e-10
-5.52,1.293224e-05,1.120168e-17,3.300901e-10
-5.51,1.328154e-05,1.276673e-17,3.529163e-10
-5.5,1.363989e-05,1.45471e-17,3.77275e-10
-5.49,1.400747e-05,1.657176e-17,4.032656e-10
-5.48,1.438453e-05,1.887378e-17,4.309941e-10
-5.47,1.477129e-05,2.149048e-17,4.605731e-10
-5.46,1.516801e-05,2.446431e-17,4.92122e-10
-5.45,1.55749e-05,2.784292e-17,5.257678e-10
-5.44,1.599225e-05,3.168073e-17,5.616455e-10
-5.43,1.642028e-05,3.603891e-17,5.998982e-10
-5.42,1.685928e-05,4.098739e-17,6.406783e-10
-5.41,1.73095e-05,4.660395e-17,6.841471e-10
-5.4,1.777122e-05,5.297791e-17,7.304762e-10
-5.39,1.824473e-05,6.020959e-17,7.798477e-10
-5.38,1.87303e-05,6.841169e-17,8.324548e-10
-5.37,1.922822e-05,7.771339e-17,8.885024e-10
-5.36,1.973884e-05,8.825875e-17,9.482083e-10
-5.35,2.02624e-05,1.002112e-16,1.011803e-09
-5.34,2.079928e-05,1.137557e-16,1.079532e-09
-5.33,2.134974e-05,1.291008e-16,1.151655e-09
-5.32,2.191417e-05,1.464811e-16,1.228446e-09
-5.31,2.249286e-05,1.661626e-16,1.310199e-09
-5.3,2.308616e-05,1.884433e-16,1.397223e-09
-5.29,2.369447e-05,2.13662e-16,1.489846e-09
-5.28,2.431808e-05,2.421977e-16,1.588416e-09
-5.27,2.495744e-05,2.744812e-16,1.693302e-09
-5.26,2.561286e-05,3.109932e-16,1.804895e-09
-5.25,2.628478e-05,3.522783e-16,1.923608e-09
-5.24,2.697353e-05,3.989539e-16,2.049882e-09
-5.23,2.767957e-05,4.517052e-16,2.184179e-09
-5.22,2.840331e-05,5.113101e-16,2.326993e-09
-5.21,2.914517e-05,5.786468e-16,2.478845e-09
-5.2,2.990555e-05,6.54693e-16,2.640286e-09
-5.19,3.068496e-05,7.405631e-16,2.8119e-09
-5.18,3.148378e-05,8.37494e-16,2.994307e-09
-5.17,3.230255e-05,9.468942e-16,3.188162e-09
-5.16,3.314166e-05,1.07033e-15,3.394155e-09
-5.15,3.400169e-05,1.209577e-15,3.613021e-09
-5.14,3.488305e-05,1.366618e-15,3.845535e-09
-5.13,3.578629e-05,1.543676e-15,4.092518e-09
-5.12,3.671194e-05,1.743267e-15,4.354837e-09
-5.11,3.766051e-05,1.968202e-15,4.633411e-09
-5.1,3.863255e-05,2.221644e-15,4.929209e-09
-5.09,3.962862e-05,2.50712e-15,5.243259e-09
-5.08,4.064926e-05,2.828626e-15,5.576644e-09
-5.07,4.169512e-05,3.190598e-15,5.930511e-09
-5.06,4.276673e-05,3.598048e-15,6.306073e-09
-5.05,4.386472e-05,4.056579e-15,6.704608e-09
-5.04,4.498971e-05,4.572479e-15,7.127473e-09
-5.03,4.614229e-05,5.152759e-15,7.576094e-09
-5.02,4.732324e-05,5.80532e-15,8.051984e-09
-5.01,4.853305e-05,6.538988e-15,8.556736e-09
-5,4.977259e-05,7.363663e-15,9.092034e-09
-4.99,5.104237e-05,8.290361e-15,9.659658e-09
-4.98,5.234322e-05,9.331538e-15,1.026148e-08
-4.97,5.367579e-05,1.050094e-14,1.08995e-08
-4.96,5.504088e-05,1.181418e-14,1.157579e-08
-4.95,5.643924e-05,1.328846e-14,1.229256e-08
-4.94,5.787164e-05,1.494328e-14,1.305215e-08
-4.93,5.933887e-05,1.680014e-14,1.385701e-08
-4.92,6.084172e-05,1.888337e-14,1.470974e-08
-4.91,6.238098e-05,2.12199e-14,1.561307e-08
-4.9,6.395766e-05,2.383999e-14,1.656989e-08
-4.89,6.557245e-05,2.677732e-14,1.758323e-08
-4.88,6.722636e-05,3.006935e-14,1.865632e-08
-4.87,6.892015e-05,3.375827e-14,1.979251e-08
-4.86,7.065492e-05,3.789083e-14,2.099539e-08
-4.85,7.243148e-05,4.251941e-14,2.226871e-08
-4.84,7.425082e-05,4.770196e-14,2.361643e-08
-4.83,7.611399e-05,5.35039e-14,2.504271e-08
-4.82,7.802192e-05,5.999727e-14,2.655196e-08
-4.81,7.997575e-05,6.726283e-14,2.81488e-08
-4.8,8.197633e-05,7.539059e-14,2.98381e-08
-4.79,8.402495e-05,8.44809e-14,3.162501e-08
-4.78,8.612257e-05,9.464485e-14,3.351494e-08
-4.77,8.82704e-05,1.060067e-13,3.551356e-08
-4.76,9.046956e-05,1.187046e-13,3.762688e-08
-4.75,9.272122e-05,1.328927e-13,3.986121e-08
-4.74,9.502649e-05,1.487413e-13,4.222317e-08
-4.73,9.738677e-05,1.664416e-13,4.471977e-08
-4.72,9.980315e-05,1.86204e-13,4.735834e-08
-4.71,0.000102277,2.082642e-13,5.014662e-08
-4.7,0.0001048096,2.328826e-13,5.309275e-08
-4.69,0.0001074023,2.603519e-13,5.620527e-08
-4.68,0.0001100563,2.90991e-13,5.949319e-08
-4.67,0.0001127733,3.251609e-13,6.296595e-08
-4.66,0.0001155545,3.632576e-13,6.663352e-08
-4.65,0.0001184014,4.057231e-13,7.050632e-08
-4.64,0.0001213154,4.530467e-13,7.459537e-08
-4.63,0.0001242982,5.057712e-13,7.891219e-08
-4.62,0.0001273512,5.644991e-13,8.346893e-08
-4.61,0.0001304761,6.298973e-13,8.827831e-08
-4.6,0.0001336743,7.027112e-13,9.335374e-08
-4.59,0.0001369478,7.837551e-13,9.870928e-08
-4.58,0.0001402978,8.739442e-13,1.043597e-07
-4.57,0.0001437264,9.742789e-13,1.103205e-07
-4.56,0.0001472353,1.085882e-12,1.166079e-07
-4.55,0.0001508261,1.209983e-12,1.232392e-07
-4.54,0.0001545009,1.347955e-12,1.302321e-07
-4.53,0.0001582612,1.501306e-12,1.376055e-07
-4.52,0.0001621093,1.671712e-12,1.453793e-07
-4.51,0.0001660468,1.861022e-12,1.53574e-07
-4.5,0.000170076,2.071289e-12,1.622116e-07
-4.49,0.0001741987,2.304772e-12,1.713147e-07
-4.48,0.0001784171,2.563982e-12,1.809074e-07
-4.47,0.0001827332,2.851664e-12,1.910146e-07
-4.46,0.0001871494,3.170893e-12,2.016628e-07
-4.45,0.0001916675,3.525019e-12,2.128795e-07
-4.44,0.0001962901,3.917798e-12,2.246937e-07
-4.43,0.0002010192,4.353301e-12,2.371355e-07
-4.42,0.0002058575,4.836099e-12,2.502369e-07
-4.41,0.000210807,5.371183e-12,2.640311e-07
-4.4,0.0002158704,5.964086e-12,2.785529e-07
-4.39,0.0002210502,6.620884e-12,2.938389e-07
-4.38,0.0002263487,7.348279e-12,3.099273e-07
-4.37,0.0002317686,8.153683e-12,3.268583e-07
-4.36,0.0002373128,9.04526e-12,3.446738e-07
-4.35,0.0002429836,1.003199e-11,3.634177e-07
-4.34,0.0002487841,1.112375e-11,3.83136e-07
-4.33,0.0002547168,1.233146e-11,4.038768e-07
-4.32,0.0002607849,1.366706e-11,4.256906e-07
-4.31,0.000266991,1.514379e-11,4.486301e-07
-4.3,0.0002733381,1.677618e-11,4.727504e-07
-4.29,0.0002798295,1.858019e-11,4.981093e-07
-4.28,0.0002864679,2.057336e-11,5.247672e-07
-4.27,0.0002932572,2.277506e-11,5.527871e-07
-4.26,0.0003001996,2.520645e-11,5.822353e-07
-4.25,0.0003072993,2.789099e-11,6.131805e-07
-4.24,0.0003145592,3.085414e-11,6.456953e-07
-4.23,0.0003219828,3.412421e-11,6.798548e-07
-4.22,0.0003295736,3.773198e-11,7.157381e-07
-4.21,0.0003373353,4.171156e-11,7.534277e-07
-4.2,0.0003452712,4.609993e-11,7.930095e-07
-4.19,0.0003533854,5.093828e-11,8.345738e-07
-4.18,0.0003616813,5.627107e-11,8.782143e-07
-4.17,0.0003701631,6.214793e-11,9.240295e-07
-4.16,0.0003788345,6.862239e-11,9.721219e-07
-4.15,0.0003876997,7.575376e-11,1.022599e-06
-4.14,0.0003967625,8.360679e-11,1.075571e-06
-4.13,0.0004060272,9.225234e-11,1.131157e-06
-4.12,0.0004154982,1.01768e-10,1.189477e-06
-4.11,0.0004251796,1.122393e-10,1.25066e-06
-4.1,0.0004350758,1.237591e-10,1.314837e-06
-4.09,0.0004451915,1.364291e-10,1.382147e-06
-4.08,0.0004555312,1.503619e-10,1.452735e-06
-4.07,0.0004660996,1.656783e-10,1.526751e-06
-4.06,0.0004769014,1.825125e-10,1.604353e-06
-4.05,0.0004879413,2.010101e-10,1.685705e-06
-4.04,0.0004992247,2.213318e-10,1.770978e-06
-4.03,0.0005107559,2.436503e-10,1.860349e-06
-4.02,0.0005225409,2.681572e-10,1.954005e-06
-4.01,0.0005345841,2.950604e-10,2.052139e-06
-4,0.0005468918,3.245874e-10,2.154953e-06
-3.99,0.0005594683,3.56986e-10,2.262658e-06
-3.98,0.0005723202,3.92527e-10,2.375473e-06
-3.97,0.0005854523,4.315048e-10,2.493626e-06
-3.96,0.0005988708,4.742437e-10,2.617355e-06
-3.95,0.0006125816,5.210951e-10,2.746907e-06
-3.94,0.0006265904,5.724408e-10,2.882541e-06
-3.93,0.0006409034,6.287006e-10,3.024524e-06
-3.92,0.0006555268,6.903269e-10,3.173138e-06
-3.91,0.000670467,7.578186e-10,3.328672e-06
-3.9,0.0006857303,8.317162e-10,3.49143e-06
-3.89,0.0007013233,9.126082e-10,3.661726e-06
-3.88,0.0007172527,1.001133e-09,3.83989e-06
-3.87,0.0007335251,1.097992e-09,4.026262e-06
-3.86,0.0007501476,1.203936e-09,4.221196e-06
-3.85,0.0007671273,1.319803e-09,4.425063e-06
-3.84,0.0007844712,1.446483e-09,4.638247e-06
-3.83,0.0008021866,1.584951e-09,4.861146e-06
-3.82,0.0008202814,1.736272e-09,5.094176e-06
-3.81,0.0008387626,1.901595e-09,5.337769e-06
-3.8,0.000857638,2.08218e-09,5.592373e-06
-3.79,0.0008769161,2.279384e-09,5.858454e-06
-3.78,0.0008966041,2.494688e-09,6.136496e-06
-3.77,0.0009167104,2.729687e-09,6.427004e-06
-3.76,0.0009372431,2.986134e-09,6.7305e-06
-3.75,0.0009582113,3.26592e-09,7.047528e-06
-3.74,0.0009796232,3.571085e-09,7.378651e-06
-3.73,0.001001487,3.903858e-09,7.724456e-06
-3.72,0.001023813,4.266645e-09,8.085551e-06
-3.71,0.00104661,4.662065e-09,8.462566e-06
-3.7,0.001069886,5.092955e-09,8.856159e-06
-3.69,0.001093651,5.562375e-09,9.26701e-06
-3.68,0.001117915,6.073648e-09,9.695824e-06
-3.67,0.001142687,6.630372e-09,1.014333e-05
-3.66,0.001167978,7.236455e-09,1.06103e-05
-3.65,0.001193798,7.896116e-09,1.109751e-05
-3.64,0.001220156,8.613901e-09,1.160579e-05
-3.63,0.001247064,9.394751e-09,1.213598e-05
-3.62,0.001274531,1.024402e-08,1.268896e-05
-3.61,0.00130257,1.116744e-08,1.326564e-05
-3.6,0.001331191,1.217132e-08,1.386697e-05
-3.59,0.001360404,1.326233e-08,1.449393e-05
-3.58,0.001390222,1.44478e-08,1.514754e-05
-3.57,0.001420657,1.573558e-08,1.582885e-05
-3.56,0.001451721,1.713415e-08,1.653894e-05
-3.55,0.001483424,1.865273e-08,1.727895e-05
-3.54,0.00151578,2.030117e-08,1.805005e-05
-3.53,0.001548801,2.209018e-08,1.885345e-05
-3.52,0.0015825,2.403127e-08,1.96904e-05
-3.51,0.00161689,2.613688e-08,2.056222e-05
-3.5,0.001651985,2.842036e-08,2.147023e-05
-3.49,0.001687796,3.089618e-08,2.241584e-05
-3.48,0.001724339,3.357991e-08,2.340048e-05
-3.47,0.001761627,3.648826e-08,2.442566e-05
-3.46,0.001799675,3.963935e-08,2.54929e-05
-3.45,0.001838497,4.305258e-08,2.660382e-05
-3.44,0.001878107,4.674885e-08,2.776005e-05
-3.43,0.00191852,5.075074e-08,2.896332e-05
-3.42,0.001959753,5.508238e-08,3.021539e-05
-3.41,0.002001819,5.976993e-08,3.151808e-05
-3.4,0.002044736,6.484132e-08,3.28733e-05
-3.39,0.002088519,7.032681e-08,3.428298e-05
-3.38,0.002133185,7.625868e-08,3.574915e-05
-3.37,0.00217875,8.26717e-08,3.72739e-05
-3.36,0.002225231,8.960318e-08,3.885938e-05
-3.35,0.002272646,9.709338e-08,4.050783e-05
-3.34,0.002321012,1.051854e-07,4.222154e-05
-3.33,0.002370347,1.139255e-07,4.400289e-05
-3.32,0.00242067,1.233632e-07,4.585434e-05
-3.31,0.002471998,1.335515e-07,4.777842e-05
-3.3,0.002524351,1.44548e-07,4.977775e-05
-3.29,0.002577749,1.564139e-07,5.185504e-05
-3.28,0.002632209,1.692145e-07,5.401308e-05
-3.27,0.002687754,1.830203e-07,5.625475e-05
-3.26,0.002744404,1.979066e-07,5.858301e-05
-3.25,0.002802177,2.139544e-07,6.100094e-05
-3.24,0.002861097,2.312496e-07,6.35117e-05
-3.23,0.002921185,2.498854e-07,6.611856e-05
-3.22,0.002982462,2.699599e-07,6.882488e-05
-3.21,0.00304495,2.915798e-07,7.163413e-05
-3.2,0.003108674,3.148586e-07,7.454989e-05
-3.19,0.003173655,3.399173e-07,7.757586e-05
-3.18,0.003239917,3.668853e-07,8.071584e-05
-3.17,0.003307485,3.959014e-07,8.397374e-05
-3.16,0.003376383,4.271121e-07,8.735362e-05
-3.15,0.003446636,4.606781e-07,9.085963e-05
-3.14,0.003518268,4.96767e-07,9.449607e-05
-3.13,0.003591307,5.355592e-07,9.826735e-05
-3.12,0.003665779,5.772467e-07,0.000102178
-3.11,0.003741711,6.220343e-07,0.0001062328
-3.1,0.00381913,6.701442e-07,0.0001104365
-3.09,0.003898065,7.218069e-07,0.000114794
-3.08,0.003978543,7.772721e-07,0.0001193106
-3.07,0.004060595,8.368063e-07,0.0001239914
-3.06,0.004144249,9.006916e-07,0.000128842
-3.05,0.004229535,9.692309e-07,0.0001338677
-3.04,0.004316485,1.042745e-06,0.0001390745
-3.03,0.004405131,1.121574e-06,0.0001444682
-3.02,0.004495503,1.206086e-06,0.0001500549
-3.01,0.004587637,1.296665e-06,0.0001558407
-3,0.004681563,1.393725e-06,0.0001618322
-2.99,0.004777317,1.497704e-06,0.000168036
-2.98,0.004874933,1.609069e-06,0.0001744587
-2.97,0.004974447,1.728313e-06,0.0001811075
-2.96,0.005075894,1.855968e-06,0.0001879894
-2.95,0.005179313,1.992592e-06,0.0001951118
-2.94,0.005284739,2.138779e-06,0.0002024823
-2.93,0.005392212,2.295158e-06,0.0002101087
-2.92,0.005501771,2.462406e-06,0.0002179989
-2.91,0.005613457,2.64123e-06,0.0002261611
-2.9,0.005727307,2.832388e-06,0.0002346038
-2.89,0.005843368,3.03668e-06,0.0002433356
-2.88,0.005961679,3.254955e-06,0.0002523653
-2.87,0.006082285,3.488118e-06,0.0002617021
-2.86,0.006205229,3.737118e-06,0.0002713552
-2.85,0.006330555,4.00297e-06,0.0002813344
-2.84,0.006458312,4.28675e-06,0.0002916493
-2.83,0.006588547,4.589589e-06,0.0003023101
-2.82,0.006721307,4.912692e-06,0.0003133272
-2.81,0.006856641,5.257325e-06,0.000324711
-2.8,0.006994601,5.624838e-06,0.0003364726
-2.79,0.007135233,6.016662e-06,0.0003486229
-2.78,0.007278597,6.434305e-06,0.0003611736
-2.77,0.00742474,6.879351e-06,0.0003741361
-2.76,0.00757372,7.35349e-06,0.0003875226
-2.75,0.007725591,7.858491e-06,0.0004013453
-2.74,0.007880412,8.396252e-06,0.0004156168
-2.73,0.00803824,8.968754e-06,0.00043035
-2.72,0.008199133,9.578082e-06,0.000445558
-2.71,0.008363156,1.022647e-05,0.0004612544
-2.7,0.008530366,1.091623e-05,0.0004774529
-2.69,0.008700829,1.164986e-05,0.0004941677
-2.68,0.008874609,1.242994e-05,0.0005114134
-2.67,0.009051773,1.325921e-05,0.0005292046
-2.66,0.009232386,1.414055e-05,0.0005475566
-2.65,0.00941652,1.507703e-05,0.0005664847
-2.64,0.009604244,1.607187e-05,0.0005860049
-2.63,0.009795629,1.712841e-05,0.0006061334
-2.62,0.009990752,1.825026e-05,0.0006268867
-2.61,0.01018969,1.944114e-05,0.0006482816
-2.6,0.0103925,2.070498e-05,0.0006703355
-2.59,0.01059929,2.204596e-05,0.0006930662
-2.58,0.01081013,2.346844e-05,0.0007164915
-2.57,0.01102509,2.497699e-05,0.0007406299
-2.56,0.01124426,2.657647e-05,0.0007655002
-2.55,0.01146774,2.827194e-05,0.0007911216
-2.54,0.01169559,3.006874e-05,0.0008175137
-2.53,0.01192793,3.197246e-05,0.0008446967
-2.52,0.01216482,3.398902e-05,0.0008726906
-2.51,0.01240638,3.612451e-05,0.0009015166
-2.5,0.01265269,3.838551e-05,0.0009311958
-2.49,0.01290385,4.077878e-05,0.0009617498
-2.48,0.01315996,4.331144e-05,0.0009932008
-2.47,0.01342112,4.599102e-05,0.001025571
-2.46,0.01368744,4.882533e-05,0.001058884
-2.45,0.01395902,5.182262e-05,0.001093163
-2.44,0.01423597,5.499153e-05,0.001128431
-2.43,0.01451839,5.834103e-05,0.001164713
-2.42,0.01480641,6.188068e-05,0.001202034
-2.41,0.01510014,6.56203e-05,0.001240419
-2.4,0.01539969,6.95703e-05,0.001279892
-2.39,0.01570519,7.374159e-05,0.001320482
-2.38,0.01601675,7.814541e-05,0.001362213
-2.37,0.01633451,8.279379e-05,0.001405113
-2.36,0.01665858,8.769904e-05,0.00144921
-2.35,0.01698911,9.287424e-05,0.001494531
-2.34,0.01732622,9.833293e-05,0.001541105
-2.33,0.01767004,0.0001040893,0.00158896
-2.32,0.01802073,0.0001101582,0.001638127
-2.31,0.01837841,0.0001165552,0.001688634
-2.3,0.01874324,0.0001232962,0.001740512
-2.29,0.01911535,0.0001303984,0.001793792
-2.28,0.01949491,0.0001378793,0.001848505
-2.27,0.01988205,0.0001457574,0.001904683
-2.26,0.02027695,0.0001540517,0.001962358
-2.25,0.02067974,0.0001627823,0.002021562
-2.24,0.02109061,0.0001719701,0.002082329
-2.23,0.02150971,0.0001816367,0.002144693
-2.22,0.02193722,0.0001918051,0.002208687
-2.21,0.02237329,0.0002024986,0.002274346
-2.2,0.02281812,0.000213742,0.002341705
-2.19,0.02327187,0.0002255609,0.0024108
-2.18,0.02373473,0.0002379819,0.002481667
-2.17,0.02420687,0.000251033,0.002554341
-2.16,0.0246885,0.000264743,0.002628861
-2.15,0.02517979,0.0002791419,0.002705264
-2.14,0.02568095,0.0002942613,0.002783587
-2.13,0.02619218,0.0003101335,0.002863868
-2.12,0.02671366,0.0003267927,0.002946148
-2.11,0.02724562,0.0003442739,0.003030464
-2.1,0.02778825,0.0003626138,0.003116857
-2.09,0.02834177,0.0003818505,0.003205368
-2.08,0.02890639,0.0004020237,0.003296036
-2.07,0.02948234,0.0004231741,0.003388902
-2.06,0.03006983,0.0004453449,0.003484009
-2.05,0.03066909,0.0004685804,0.003581399
-2.04,0.03128035,0.0004929263,0.003681114
-2.03,0.03190385,0.0005184312,0.003783196
-2.02,0.0325398,0.0005451443,0.003887691
-2.01,0.03318848,0.0005731173,0.00399464
-2,0.0338501,0.0006024037,0.00410409
-1.99,0.03452492,0.0006330591,0.004216084
-1.98,0.03521319,0.0006651413,0.004330667
-1.97,0.03591515,0.0006987099,0.004447887
-1.96,0.03663108,0.0007338276,0.004567788
-1.95,0.03736123,0.0007705582,0.004690417
-1.94,0.03810586,0.000808969,0.004815822
-1.93,0.03886523,0.0008491291,0.00494405
-1.92,0.03963963,0.0008911107,0.00507515
-1.91,0.04042932,0.0009349887,0.005209169
-1.9,0.04123457,0.0009808391,0.005346158
-1.89,0.04205568,0.001028744,0.005486165
-1.88,0.0428929,0.001078785,0.005629241
-1.87,0.04374656,0.00113105,0.005775438
-1.86,0.0446169,0.001185628,0.005924805
-1.85,0.04550424,0.001242611,0.006077395
-1.84,0.04640887,0.001302096,0.006233261
-1.83,0.04733108,0.001364184,0.006392457
-1.82,0.04827117,0.001428978,0.006555035
-1.81,0.04922944,0.001496586,0.00672105
-1.8,0.0502062,0.001567118,0.006890559
-1.79,0.05120173,0.001640692,0.007063617
-1.78,0.05221636,0.001717427,0.007240281
-1.77,0.0532504,0.001797449,0.00742061
-1.76,0.05430416,0.001880886,0.007604662
-1.75,0.05537793,0.001967874,0.007792498
-1.74,0.05647205,0.002058553,0.007984179
-1.73,0.05758682,0.002153069,0.008179767
-1.72,0.05872254,0.00225157,0.008379327
-1.71,0.05987954,0.002354216,0.008582923
-1.7,0.06105816,0.002461169,0.008790622
-1.69,0.06225868,0.002572598,0.009002493
-1.68,0.06348144,0.002688681,0.009218604
-1.67,0.06472673,0.002809601,0.009439031
-1.66,0.0659949,0.002935551,0.009663845
-1.65,0.06728623,0.003066728,0.009893124
-1.64,0.06860108,0.003203341,0.01012695
-1.63,0.06993973,0.003345605,0.01036539
-1.62,0.07130249,0.003493746,0.01060855
-1.61,0.07268967,0.003648001,0.01085651
-1.6,0.07410163,0.003808612,0.01110935
-1.59,0.0755386,0.00397584,0.01136718
-1.58,0.07700094,0.00414995,0.01163009
-1.57,0.07848892,0.004331221,0.01189819
-1.56,0.08000287,0.004519948,0.01217158
-1.55,0.08154305,0.004716433,0.01245038
-1.54,0.08310977,0.004921001,0.01273471
-1.53,0.08470332,0.005133981,0.01302469
-1.52,0.08632397,0.005355729,0.01332045
-1.51,0.08797202,0.005586611,0.01362214
-1.5,0.0896477,0.00582701,0.01392989
-1.49,0.09135131,0.006077332,0.01424387
-1.48,0.09308311,0.006338001,0.01456424
-1.47,0.09484337,0.00660946,0.01489117
-1.46,0.09663229,0.006892178,0.01522484
-1.45,0.09845012,0.007186643,0.01556546
-1.44,0.1002971,0.007493374,0.01591323
-1.43,0.1021735,0.007812911,0.01626838
-1.42,0.1040795,0.008145825,0.01663114
-1.41,0.1060153,0.008492715,0.01700176
-1.4,0.1079811,0.008854209,0.01738051
-1.39,0.1099771,0.009230974,0.01776768
-1.38,0.1120035,0.009623713,0.01816359
-1.37,0.1140604,0.01003315,0.01856854
-1.36,0.116148,0.01046008,0.01898291
-1.35,0.1182665,0.0109053,0.01940706
-1.34,0.1204159,0.01136968,0.01984139
-1.33,0.1225964,0.01185413,0.02028634
-1.32,0.1248081,0.01235961,0.02074237
-1.31,0.1270511,0.01288712,0.02120996
-1.3,0.1293255,0.01343772,0.02168966
-1.29,0.1316312,0.01401254,0.02218201
-1.28,0.1339685,0.01461276,0.02268763
-1.27,0.1363373,0.01523961,0.02320717
-1.26,0.1387376,0.01589442,0.02374131
-1.25,0.1411695,0.01657857,0.02429081
-1.24,0.1436329,0.01729351,0.02485644
-1.23,0.1461277,0.01804078,0.02543908
-1.22,0.148654,0.018822,0.02603961
-1.21,0.1512117,0.01963886,0.02665902
-1.2,0.1538006,0.02049317,0.02729833
-1.19,0.1564207,0.0213868,0.02795867
-1.18,0.1590719,0.02232175,0.0286412
-1.17,0.1617539,0.0233001,0.0293472
-1.16,0.1644667,0.02432405,0.03007802
-1.15,0.16721,0.0253959,0.03083509
-1.14,0.1699837,0.02651807,0.03161994
-1.13,0.1727874,0.02769312,0.0324342
-1.12,0.175621,0.0289237,0.03327962
-1.11,0.1784842,0.03021262,0.03415804
-1.1,0.1813766,0.03156281,0.03507143
-1.09,0.184298,0.03297734,0.03602188
-1.08,0.1872479,0.03445943,0.0370116
-1.07,0.1902261,0.03601243,0.03804296
-1.06,0.1932321,0.03763988,0.03911844
-1.05,0.1962655,0.03934544,0.0402407
-1.04,0.199326,0.04113294,0.04141255
-1.03,0.2024129,0.04300637,0.04263695
-1.02,0.2055257,0.04496991,0.04391704
-1.01,0.2086641,0.04702787,0.04525615
-1,0.2118274,0.04918477,0.04665777
-0.99,0.2150151,0.05144529,0.0481256
-0.98,0.2182265,0.05381429,0.04966355
-0.97,0.221461,0.05629678,0.05127572
-0.96,0.2247181,0.05889801,0.05296644
-0.95,0.227997,0.06162335,0.05474025
-0.94,0.2312969,0.06447837,0.05660194
-0.93,0.2346173,0.06746882,0.05855652
-0.92,0.2379573,0.07060061,0.06060926
-0.91,0.2413161,0.07387985,0.06276567
-0.9,0.2446928,0.0773128,0.06503154
-0.89,0.2480869,0.08090585,0.0674129
-0.88,0.2514972,0.0846656,0.06991606
-0.87,0.2549229,0.08859878,0.07254763
-0.86,0.2583632,0.09271222,0.07531447
-0.85,0.2618171,0.09701293,0.07822374
-0.84,0.2652836,0.101508,0.08128291
-0.83,0.2687616,0.1062047,0.0844997
-0.82,0.2722504,0.1111103,0.08788218
-0.81,0.2757487,0.1162321,0.09143866
-0.8,0.2792555,0.1215777,0.0951778
-0.79,0.2827697,0.1271543,0.09910852
-0.78,0.2862902,0.1329697,0.1032401
-0.77,0.289816,0.1390312,0.1075819
-0.76,0.2933457,0.1453462,0.1121439
-0.75,0.2968782,0.1519222,0.1169362
-0.74,0.3004124,0.1587664,0.1219689
-0.73,0.3039471,0.1658861,0.1272529
-0.72,0.3074809,0.1732882,0.132799
-0.71,0.3110126,0.1809795,0.1386181
-0.7,0.314541,0.1889667,0.1447217
-0.69,0.3180647,0.1972561,0.1511213
-0.68,0.3215824,0.2058539,0.1578284
-0.67,0.3250928,0.2147657,0.1648549
-0.66,0.3285947,0.2239968,0.1722128
-0.65,0.3320865,0.233552,0.179914
-0.64,0.3355669,0.2434359,0.1879705
-0.63,0.3390346,0.2536524,0.1963945
-0.62,0.3424881,0.2642047,0.2051978
-0.61,0.345926,0.2750956,0.2143924
-0.6,0.3493469,0.286327,0.2239901
-0.59,0.3527494,0.2979004,0.2340022
-0.58,0.3561321,0.3098161,0.2444402
-0.57,0.3594934,0.3220741,0.2553148
-0.56,0.3628321,0.3346731,0.2666366
-0.55,0.3661464,0.347611,0.2784154
-0.54,0.3694351,0.3608848,0.2906607
-0.53,0.3726967,0.3744906,0.303381
-0.52,0.3759297,0.3884231,0.3165843
-0.51,0.3791326,0.4026761,0.3302775
-0.5,0.382304,0.4172424,0.3444665
-0.49,0.3854425,0.4321133,0.3591561
-0.48,0.3885464,0.4472793,0.3743499
-0.47,0.3916145,0.4627292,0.39005
-0.46,0.3946454,0.4784509,0.406257
-0.45,0.3976373,0.4944308,0.42297
-0.44,0.4005891,0.510654,0.440186
-0.43,0.4034992,0.5271046,0.4579005
-0.42,0.4063663,0.5437647,0.4761064
-0.41,0.409189,0.5606158,0.4947948
-0.4,0.4119658,0.577638,0.5139543
-0.39,0.4146955,0.5948095,0.533571
-0.38,0.4173766,0.6121077,0.5536283
-0.37,0.4200078,0.6295087,0.5741071
-0.36,0.4225878,0.6469873,0.5949851
-0.35,0.4251152,0.6645172,0.6162372
-0.34,0.4275889,0.6820709,0.6378355
-0.33,0.4300075,0.6996198,0.6597486
-0.32,0.4323699,0.7171345,0.681942
-0.31,0.4346747,0.7345843,0.7043782
-0.3,0.4369208,0.7519381,0.7270164
-0.29,0.4391071,0.7691634,0.7498125
-0.28,0.4412324,0.7862277,0.7727193
-0.27,0.4432956,0.8030975,0.7956864
-0.26,0.4452957,0.8197393,0.8186608
-0.25,0.4472316,0.8361184,0.8415862
-0.24,0.4491023,0.8522004,0.8644038
-0.23,0.4509066,0.8679511,0.8870524
-0.22,0.452644,0.8833356,0.9094685
-0.21,0.4543132,0.8983197,0.9315865
-0.2,0.4559136,0.912869,0.9533393
-0.19,0.4574441,0.9269502,0.9746585
-0.18,0.4589041,0.9405295,0.9954745
-0.17,0.4602928,0.9535749,1.015717
-0.16,0.4616095,0.966054,1.035317
-0.15,0.4628533,0.977937,1.054203
-0.14,0.4640238,0.9891937,1.072306
-0.13,0.4651203,0.9997956,1.089559
-0.12,0.4661423,1.009716,1.105894
-0.11,0.4670892,1.018928,1.121249
-0.1,0.4679605,1.02741,1.13556
-0.09,0.4687559,1.035137,1.148771
-0.08,0.4694749,1.042091,1.160825
-0.07,0.470117,1.048251,1.171671
-0.06,0.4706822,1.053601,1.181264
-0.05,0.4711701,1.058128,1.189562
-0.04,0.4715805,1.061818,1.196527
-0.03,0.4719132,1.064661,1.202129
-0.02,0.472168,1.06665,1.206343
-0.01,0.472345,1.067778,1.209148
0,0.472444,1.068042,1.210532
0.01,0.4724651,1.067442,1.210488
0.02,0.4724083,1.065979,1.209014
0.03,0.4722737,1.063656,1.206116
0.04,0.4720615,1.06048,1.201806
0.05,0.4717718,1.056458,1.196101
0.06,0.4714048,1.051602,1.189027
0.07,0.470961,1.045924,1.180611
0.08,0.4704405,1.039439,1.170891
0.09,0.4698437,1.032164,1.159906
0.1,0.469171,1.024119,1.147702
0.11,0.468423,1.015324,1.134329
0.12,0.4675999,1.005801,1.119841
0.13,0.4667024,0.995576,1.104296
0.14,0.465731,0.984674,1.087755
0.15,0.4646864,0.9731226,1.070282
0.16,0.4635693,0.9609509,1.051944
0.17,0.4623803,0.9481887,1.032809
0.18,0.46112,0.9348672,1.012945
0.19,0.4597892,0.9210185,0.9924244
0.2,0.4583889,0.9066754,0.9713168
0.21,0.4569197,0.8918715,0.9496933
0.22,0.4553827,0.8766408,0.9276241
0.23,0.4537784,0.861018,0.905179
0.24,0.4521083,0.8450375,0.882426
0.25,0.450373,0.8287346,0.8594319
0.26,0.4485734,0.8121434,0.8362615
0.27,0.4467107,0.7952995,0.8129774
0.28,0.4447861,0.778237,0.7896398
0.29,0.4428004,0.7609897,0.7663064
0.3,0.4407549,0.7435915,0.7430317
0.31,0.4386505,0.7260754,0.7198677
0.32,0.4364887,0.7084737,0.6968629
0.33,0.4342704,0.6908179,0.6740629
0.34,0.4319969,0.6731386,0.6515099
0.35,0.4296694,0.6554654,0.6292428
0.36,0.4272892,0.6378272,0.6072974
0.37,0.4248575,0.6202512,0.5857063
0.38,0.4223756,0.602764,0.5644985
0.39,0.4198447,0.5853908,0.5437005
0.4,0.4172664,0.5681555,0.5233351
0.41,0.4146416,0.5510808,0.5034226
0.42,0.4119721,0.534188,0.4839802
0.43,0.4092588,0.5174971,0.4650226
0.44,0.4065034,0.5010269,0.4465616
0.45,0.4037071,0.4847947,0.4286068
0.46,0.4008713,0.4688165,0.4111654
0.47,0.3979974,0.4531069,0.3942423
0.48,0.3950869,0.4376794,0.3778406
0.49,0.3921409,0.4225458,0.3619614
0.5,0.389161,0.4077169,0.3466039
0.51,0.3861485,0.3932022,0.3317658
0.52,0.383105,0.3790098,0.3174435
0.53,0.3800316,0.365147,0.303632
0.54,0.3769298,0.3516194,0.2903248
0.55,0.3738013,0.338432,0.2775147
0.56,0.370647,0.3255883,0.2651933
0.57,0.3674686,0.3130911,0.2533516
0.58,0.3642674,0.300942,0.2419796
0.59,0.3610447,0.2891419,0.2310669
0.6,0.357802,0.2776905,0.2206024
0.61,0.3545406,0.2665869,0.2105746
0.62,0.3512617,0.2558294,0.2009716
0.63,0.3479669,0.2454156,0.1917814
0.64,0.3446574,0.2353423,0.1829915
0.65,0.3413345,0.2256059,0.1745894
0.66,0.3379995,0.2162019,0.1665626
0.67,0.3346537,0.2071256,0.1588984
0.68,0.3312983,0.1983717,0.1515842
0.69,0.3279348,0.1899344,0.1446075
0.7,0.3245642,0.1818076,0.1379558
0.71,0.3211878,0.1739849,0.1316167
0.72,0.3178068,0.1664597,0.1255782
0.73,0.3144225,0.1592247,0.1198282
0.74,0.3110359,0.152273,0.1143551
0.75,0.3076483,0.1455972,0.1091473
0.76,0.3042608,0.1391896,0.1041935
0.77,0.3008744,0.1330428,0.09948298
0.78,0.2974903,0.127149,0.09500488
0.79,0.2941097,0.1215005,0.09074888
0.8,0.2907334,0.1160895,0.08670491
0.81,0.2873626,0.1109084,0.0828632
0.82,0.2839982,0.1059493,0.07921433
0.83,0.2806413,0.1012047,0.07574916
0.84,0.2772928,0.09666699,0.07245889
0.85,0.2739536,0.09232863,0.06933503
0.86,0.2706247,0.08818221,0.06636942
0.87,0.267307,0.08422047,0.0635542
0.88,0.2640013,0.08043633,0.06088182
0.89,0.2607086,0.07682273,0.05834505
0.9,0.2574295,0.07337285,0.05593695
0.91,0.254165,0.07008001,0.05365087
0.92,0.2509158,0.06693772,0.05148046
0.93,0.2476826,0.06393962,0.04941965
0.94,0.2444661,0.06107958,0.04746264
0.95,0.2412672,0.0583516,0.04560388
0.96,0.2380864,0.05574991,0.04383812
0.97,0.2349245,0.05326892,0.04216032
0.98,0.2317821,0.05090322,0.04056571
0.99,0.2286596,0.04864758,0.03904973
1,0.2255579,0.04649697,0.03760807
1.01,0.2224774,0.04444657,0.03623663
1.02,0.2194185,0.04249169,0.03493152
1.03,0.216382,0.04062786,0.03368904
1.04,0.2133683,0.03885078,0.0325057
1.05,0.2103778,0.03715635,0.03137819
1.06,0.2074109,0.0355406,0.03030338
1.07,0.2044682,0.03399976,0.0292783
1.08,0.20155,0.03253021,0.02830015
1.09,0.1986567,0.0311285,0.02736628
1.1,0.1957886,0.02979133,0.02647421
1.11,0.1929461,0.02851556,0.02562157
1.12,0.1901295,0.02729818,0.02480615
1.13,0.1873392,0.02613633,0.02402585
1.14,0.1845753,0.0250273,0.0232787
1.15,0.1818382,0.02396848,0.02256284
1.16,0.179128,0.02295741,0.02187653
1.17,0.176445,0.02199175,0.02121812
1.18,0.1737894,0.02106927,0.02058607
1.19,0.1711614,0.02018785,0.01997893
1.2,0.1685611,0.01934548,0.01939533
1.21,0.1659887,0.01854027,0.01883399
1.22,0.1634442,0.01777039,0.01829371
1.23,0.1609279,0.01703413,0.01777337
1.24,0.1584398,0.01632987,0.0172719
1.25,0.15598,0.01565606,0.01678831
1.26,0.1535485,0.01501124,0.01632167
1.27,0.1511454,0.01439403,0.0158711
1.28,0.1487708,0.01380311,0.0154358
1.29,0.1464245,0.01323724,0.01501499
1.3,0.1441067,0.01269523,0.01460796
1.31,0.1418173,0.01217598,0.01421402
1.32,0.1395563,0.01167843,0.01383257
1.33,0.1373237,0.01120157,0.01346299
1.34,0.1351194,0.01074445,0.01310474
1.35,0.1329433,0.01030618,0.0127573
1.36,0.1307954,0.0098859,0.01242019
1.37,0.1286756,0.009482803,0.01209294
1.38,0.1265838,0.009096124,0.01177514
1.39,0.1245198,0.008725135,0.01146638
1.4,0.1224836,0.00836915,0.01116628
1.41,0.1204751,0.00802751,0.01087451
1.42,0.1184941,0.007699595,0.01059071
1.43,0.1165403,0.007384819,0.01031459
1.44,0.1146139,0.007082617,0.01004585
1.45,0.1127144,0.006792463,0.009784217
1.46,0.1108418,0.006513845,0.009529435
1.47,0.1089959,0.006246288,0.00928126
1.48,0.1071765,0.005989331,0.009039463
1.49,0.1053834,0.005742539,0.00880383
1.5,0.1036165,0.005505497,0.008574155
1.51,0.1018754,0.005277807,0.008350247
1.52,0.1001601,0.005059098,0.008131924
1.53,0.09847019,0.004849007,0.007919015
1.54,0.09680559,0.00464719,0.007711357
1.55,0.09516603,0.004453322,0.007508794
1.56,0.09355129,0.004267089,0.007311181
1.57,0.09196112,0.00408819,0.007118377
1.58,0.09039529,0.003916344,0.006930252
1.59,0.08885357,0.003751273,0.006746677
1.6,0.0873357,0.003592718,0.006567532
1.61,0.08584142,0.003440427,0.006392703
1.62,0.08437052,0.00329416,0.006222079
1.63,0.08292271,0.003153687,0.006055554
1.64,0.08149778,0.003018786,0.005893027
1.65,0.08009541,0.002889248,0.005734402
1.66,0.07871539,0.002764867,0.005579585
1.67,0.07735743,0.002645449,0.005428485
1.68,0.07602129,0.002530805,0.005281016
1.69,0.0747067,0.002420755,0.005137095
1.7,0.07341338,0.002315129,0.00499664
1.71,0.0721411,0.002213756,0.004859574
1.72,0.07088955,0.002116479,0.00472582
1.73,0.0696585,0.002023143,0.004595305
1.74,0.06844767,0.001933597,0.004467959
1.75,0.06725679,0.001847702,0.004343711
1.76,0.06608561,0.001765317,0.004222494
1.77,0.06493387,0.001686312,0.004104243
1.78,0.06380127,0.001610558,0.003988893
1.79,0.06268758,0.001537932,0.003876384
1.8,0.06159251,0.001468316,0.003766653
1.81,0.06051582,0.001401594,0.003659641
1.82,0.05945723,0.001337658,0.003555291
1.83,0.0584165,0.001276401,0.003453546
1.84,0.05739336,0.001217719,0.003354349
1.85,0.05638755,0.001161516,0.003257648
1.86,0.0553988,0.001107694,0.003163388
1.87,0.0544269,0.001056163,0.003071518
1.88,0.05347155,0.001006833,0.002981987
1.89,0.05253253,0.0009596197,0.002894744
1.9,0.05160956,0.0009144403,0.002809739
1.91,0.05070243,0.0008712148,0.002726926
1.92,0.04981088,0.0008298663,0.002646257
1.93,0.04893465,0.0007903217,0.002567685
1.94,0.04807352,0.0007525093,0.002491164
1.95,0.04722724,0.0007163606,0.00241665
1.96,0.04639558,0.0006818086,0.002344099
1.97,0.0455783,0.00064879,0.002273467
1.98,0.04477517,0.0006172426,0.002204712
1.99,0.04398597,0.0005871074,0.002137793
2,0.04321046,0.0005583274,0.002072667
2.01,0.04244842,0.0005308466,0.002009295
2.02,0.04169964,0.0005046124,0.001947638
2.03,0.04096388,0.0004795734,0.001887656
2.04,0.04024094,0.0004556798,0.001829311
2.05,0.0395306,0.0004328849,0.001772566
2.06,0.03883265,0.0004111422,0.001717384
2.07,0.03814688,0.0003904077,0.001663728
2.08,0.03747308,0.0003706394,0.001611563
2.09,0.03681106,0.0003517958,0.001560854
2.1,0.03616061,0.0003338382,0.001511566
2.11,0.03552153,0.0003167281,0.001463666
2.12,0.03489363,0.0003004295,0.001417121
2.13,0.03427672,0.0002849075,0.001371897
2.14,0.03367061,0.000270128,0.001327964
2.15,0.0330751,0.0002560591,0.00128529
2.16,0.03249002,0.0002426694,0.001243844
2.17,0.03191519,0.000229929,0.001203596
2.18,0.03135042,0.0002178094,0.001164517
2.19,0.03079555,0.0002062828,0.001126576
2.2,0.03025039,0.0001953227,0.001089747
2.21,0.02971479,0.0001849038,0.001054
2.22,0.02918856,0.0001750015,0.001019309
2.23,0.02867154,0.0001655923,0.000985646
2.24,0.02816358,0.000156654,0.0009529858
2.25,0.02766451,0.000148165,0.0009213022
2.26,0.02717417,0.0001401043,0.0008905698
2.27,0.02669242,0.0001324524,0.000860764
2.28,0.02621908,0.0001251901,0.0008318605
2.29,0.02575403,0.0001182991,0.0008038355
2.3,0.02529712,0.0001117622,0.0007766659
2.31,0.02484818,0.0001055626,0.0007503289
2.32,0.0244071,9.968418e-05,0.0007248022
2.33,0.02397371,9.411175e-05,0.0007000641
2.34,0.0235479,8.883051e-05,0.0006760931
2.35,0.02312952,8.382656e-05,0.0006528685
2.36,0.02271844,7.908641e-05,0.00063037
2.37,0.02231453,7.459721e-05,0.0006085775
2.38,0.02191765,7.034677e-05,0.0005874715
2.39,0.0215277,6.632328e-05,0.0005670331
2.4,0.02114454,6.251556e-05,0.0005472435
2.41,0.02076805,5.89129e-05,0.0005280846
2.42,0.02039812,5.550514e-05,0.0005095387
2.43,0.02003462,5.228244e-05,0.0004915884
2.44,0.01967744,4.923554e-05,0.0004742166
2.45,0.01932647,4.635549e-05,0.000457407
2.46,0.0189816,4.363385e-05,0.0004411433
2.47,0.01864272,4.106251e-05,0.0004254097
2.48,0.01830972,3.863376e-05,0.0004101909
2.49,0.0179825,3.634028e-05,0.0003954719
2.5,0.01766095,3.417503e-05,0.000381238
2.51,0.01734498,3.213135e-05,0.0003674749
2.52,0.01703449,3.020289e-05,0.0003541687
2.53,0.01672938,2.838359e-05,0.0003413058
2.54,0.01642955,2.666767e-05,0.0003288731
2.55,0.01613491,2.504968e-05,0.0003168575
2.56,0.01584537,2.352439e-05,0.0003052466
2.57,0.01556083,2.208684e-05,0.000294028
2.58,0.01528122,2.073232e-05,0.0002831899
2.59,0.01500645,1.945634e-05,0.0002727206
2.6,0.01473642,1.825465e-05,0.0002626089
2.61,0.01447106,1.712318e-05,0.0002528437
2.62,0.01421028,1.605809e-05,0.0002434142
2.63,0.01395401,1.505575e-05,0.0002343101
2.64,0.01370216,1.411269e-05,0.0002255212
2.65,0.01345465,1.322561e-05,0.0002170376
2.66,0.01321142,1.23914e-05,0.0002088498
2.67,0.01297239,1.16071e-05,0.0002009482
2.68,0.01273748,1.08699e-05,0.000193324
2.69,0.01250662,1.017715e-05,0.0001859682
2.7,0.01227975,9.526327e-06,0.0001788722
2.71,0.01205679,8.915031e-06,0.0001720277
2.72,0.01183768,8.341015e-06,0.0001654266
2.73,0.01162234,7.802131e-06,0.000159061
2.74,0.01141072,7.296363e-06,0.0001529232
2.75,0.01120275,6.821781e-06,0.0001470058
2.76,0.01099837,6.376578e-06,0.0001413016
2.77,0.01079751,5.959033e-06,0.0001358035
2.78,0.01060012,5.567531e-06,0.0001305048
2.79,0.01040614,5.200532e-06,0.0001253987
2.8,0.0102155,4.856586e-06,0.000120479
2.81,0.01002816,4.534326e-06,0.0001157393
2.82,0.009844049,4.232459e-06,0.0001111737
2.83,0.009663119,3.949766e-06,0.0001067762
2.84,0.009485317,3.685092e-06,0.0001025412
2.85,0.009310586,3.437344e-06,9.84632e-05
2.86,0.009138876,3.205504e-06,9.453678e-05
2.87,0.008970139,2.9886e-06,9.075679e-05
2.88,0.008804318,2.785721e-06,8.711819e-05
2.89,0.008641371,2.596008e-06,8.361613e-05
2.9,0.008481245,2.418643e-06,8.024587e-05
2.91,0.008323892,2.252872e-06,7.700285e-05
2.92,0.008169267,2.097972e-06,7.388263e-05
2.93,0.008017328,1.953263e-06,7.088092e-05
2.94,0.007868023,1.818112e-06,6.799356e-05
2.95,0.007721312,1.691912e-06,6.521653e-05
2.96,0.007577151,1.574106e-06,6.254592e-05
2.97,0.007435497,1.46416e-06,5.997796e-05
2.98,0.007296309,1.361572e-06,5.750901e-05
2.99,0.007159545,1.265877e-06,5.513552e-05
3,0.007025164,1.176631e-06,5.285408e-05
3.01,0.006893128,1.093421e-06,5.066137e-05
3.02,0.006763396,1.015859e-06,4.85542e-05
3.03,0.006635932,9.43576e-07,4.652946e-05
3.04,0.006510697,8.762327e-07,4.458417e-05
3.05,0.006387653,8.135037e-07,4.271542e-05
3.06,0.006266764,7.550897e-07,4.092042e-05
3.07,0.006147997,7.007054e-07,3.919646e-05
3.08,0.006031316,6.500857e-07,3.754093e-05
3.09,0.005916683,6.029817e-07,3.59513e-05
3.1,0.005804069,5.591596e-07,3.442511e-05
3.11,0.005693436,5.184017e-07,3.296003e-05
3.12,0.005584754,4.805012e-07,3.155376e-05
3.13,0.005477991,4.452676e-07,3.020411e-05
3.14,0.005373111,4.125212e-07,2.890894e-05
3.15,0.005270091,3.820935e-07,2.766621e-05
3.16,0.005168892,3.538272e-07,2.647393e-05
3.17,0.005069489,3.275752e-07,2.53302e-05
3.18,0.00497185,3.032e-07,2.423315e-05
3.19,0.004875947,2.805732e-07,2.318102e-05
3.2,0.00478175,2.595743e-07,2.217208e-05
3.21,0.004689233,2.400905e-07,2.120467e-05
3.22,0.004598366,2.220171e-07,2.02772e-05
3.23,0.004509124,2.052564e-07,1.938811e-05
3.24,0.004421476,1.897165e-07,1.853593e-05
3.25,0.0043354,1.753123e-07,1.771921e-05
3.26,0.004250869,1.619637e-07,1.693657e-05
3.27,0.004167855,1.495964e-07,1.618669e-05
3.28,0.004086338,1.381412e-07,1.546826e-05
3.29,0.004006287,1.275334e-07,1.478006e-05
3.3,0.003927681,1.177127e-07,1.412089e-05
3.31,0.003850495,1.086227e-07,1.34896e-05
3.32,0.003774707,1.002112e-07,1.288509e-05
3.33,0.003700292,9.242947e-08,1.230627e-05
3.34,0.003627228,8.523224e-08,1.175214e-05
3.35,0.003555494,7.85769e-08,1.122169e-05
3.36,0.003485066,7.242431e-08,1.071398e-05
3.37,0.003415921,6.673787e-08,1.022809e-05
3.38,0.00334804,6.14835e-08,9.763134e-06
3.39,0.003281401,5.662972e-08,9.318263e-06
3.4,0.003215983,5.214676e-08,8.892661e-06
3.41,0.003151766,4.800749e-08,8.48554e-06
3.42,0.003088731,4.41865e-08,8.096145e-06
3.43,0.003026854,4.066012e-08,7.723748e-06
3.44,0.002966121,3.740647e-08,7.367648e-06
3.45,0.00290651,3.440507e-08,7.027173e-06
3.46,0.002848002,3.16371e-08,6.701675e-06
3.47,0.002790579,2.908503e-08,6.390533e-06
3.48,0.002734222,2.673259e-08,6.093147e-06
3.49,0.002678913,2.45647e-08,5.808944e-06
3.5,0.002624636,2.256732e-08,5.537372e-06
3.51,0.002571372,2.072749e-08,5.2779e-06
3.52,0.002519103,1.903322e-08,5.030016e-06
3.53,0.002467814,1.747338e-08,4.793233e-06
3.54,0.002417487,1.603762e-08,4.56708e-06
3.55,0.002368107,1.471638e-08,4.351105e-06
3.56,0.002319655,1.350084e-08,4.144873e-06
3.57,0.002272119,1.23828e-08,3.94797e-06
3.58,0.002225481,1.135472e-08,3.759995e-06
3.59,0.002179725,1.040956e-08,3.580565e-06
3.6,0.002134838,9.540829e-09,3.40931e-06
3.61,0.002090803,8.74256e-09,3.245879e-06
3.62,0.002047607,8.009223e-09,3.089933e-06
3.63,0.002005233,7.335669e-09,2.941145e-06
3.64,0.00196367,6.717205e-09,2.799204e-06
3.65,0.001922902,6.149428e-09,2.663812e-06
3.66,0.001882916,5.628342e-09,2.53468e-06
3.67,0.001843697,5.150206e-09,2.411535e-06
3.68,0.001805233,4.711582e-09,2.294112e-06
3.69,0.001767511,4.309318e-09,2.182159e-06
3.7,0.001730517,3.940472e-09,2.075434e-06
3.71,0.001694239,3.60236e-09,1.973704e-06
3.72,0.001658664,3.292485e-09,1.876748e-06
3.73,0.00162378,3.008561e-09,1.784351e-06
3.74,0.001589575,2.748484e-09,1.696311e-06
3.75,0.001556036,2.510299e-09,1.612432e-06
3.76,0.001523152,2.292226e-09,1.532526e-06
3.77,0.001490911,2.092605e-09,1.456414e-06
3.78,0.001459302,1.909922e-09,1.383925e-06
3.79,0.001428313,1.742781e-09,1.314894e-06
3.8,0.001397934,1.589894e-09,1.249164e-06
3.81,0.001368154,1.450082e-09,1.186585e-06
3.82,0.001338961,1.322256e-09,1.127013e-06
3.83,0.001310346,1.205414e-09,1.07031e-06
3.84,0.001282298,1.098643e-09,1.016344e-06
3.85,0.001254807,1.001095e-09,9.649887e-07
3.86,0.001227862,9.119951e-10,9.161242e-07
3.87,0.001201454,8.306298e-10,8.69635e-07
3.88,0.001175573,7.56348e-10,8.254108e-07
3.89,0.00115021,6.885491e-10,7.833463e-07
3.9,0.001125354,6.266795e-10,7.433407e-07
3.91,0.001100998,5.702371e-10,7.052977e-07
3.92,0.001077131,5.187566e-10,6.691254e-07
3.93,0.001053745,4.718133e-10,6.347359e-07
3.94,0.001030831,4.290188e-10,6.020451e-07
3.95,0.00100838,3.90014e-10,5.709727e-07
3.96,0.0009863836,3.544726e-10,5.414423e-07
3.97,0.0009648336,3.220944e-10,5.133805e-07
3.98,0.0009437217,2.926054e-10,4.867175e-07
3.99,0.0009230396,2.657549e-10,4.613865e-07
4,0.0009027797,2.413114e-10,4.373239e-07
4.01,0.0008829336,2.19065e-10,4.144689e-07
4.02,0.0008634937,1.98823e-10,3.927634e-07
4.03,0.0008444527,1.804091e-10,3.72152e-07
4.04,0.0008258028,1.636622e-10,3.52582e-07
4.05,0.0008075367,1.484359e-10,3.340029e-07
4.06,0.0007896472,1.345937e-10,3.163666e-07
4.07,0.0007721275,1.220146e-10,2.996272e-07
4.08,0.0007549703,1.105849e-10,2.837411e-07
4.09,0.0007381686,1.002028e-10,2.686664e-07
4.1,0.0007217161,9.077369e-11,2.543636e-07
4.11,0.0007056059,8.221285e-11,2.407945e-07
4.12,0.0006898313,7.444188e-11,2.279233e-07
4.13,0.0006743861,6.738994e-11,2.157153e-07
4.14,0.0006592639,6.099164e-11,2.041377e-07
4.15,0.0006444585,5.518789e-11,1.931595e-07
4.16,0.0006299639,4.992471e-11,1.827506e-07
4.17,0.0006157742,4.515294e-11,1.728828e-07
4.18,0.0006018834,4.082766e-11,1.635291e-07
4.19,0.0005882853,3.690819e-11,1.546637e-07
4.2,0.0005749751,3.335707e-11,1.462622e-07
4.21,0.0005619462,3.014058e-11,1.383011e-07
4.22,0.0005491942,2.722792e-11,1.307584e-07
4.23,0.0005367126,2.459093e-11,1.236128e-07
4.24,0.0005244971,2.220412e-11,1.168443e-07
4.25,0.0005125417,2.004431e-11,1.104337e-07
4.26,0.0005008417,1.809032e-11,1.043628e-07
4.27,0.000489392,1.632303e-11,9.861431e-08
4.28,0.0004781878,1.472492e-11,9.317175e-08
4.29,0.000467224,1.328014e-11,8.801944e-08
4.3,0.0004564959,1.197438e-11,8.314248e-08
4.31,0.0004459988,1.079442e-11,7.852671e-08
4.32,0.0004357285,9.728511e-12,7.415865e-08
4.33,0.0004256797,8.765738e-12,7.00255e-08
4.34,0.0004158487,7.896443e-12,6.611509e-08
4.35,0.0004062309,7.111658e-12,6.241586e-08
4.36,0.000396822,6.403376e-12,5.891681e-08
4.37,0.0003876178,5.764297e-12,5.560752e-08
4.38,0.0003786141,5.187791e-12,5.247805e-08
4.39,0.000369807,4.667829e-12,4.951899e-08
4.4,0.0003611927,4.199004e-12,4.672139e-08
4.41,0.0003527667,3.776388e-12,4.407676e-08
4.42,0.0003445259,3.395504e-12,4.157703e-08
4.43,0.0003364658,3.052316e-12,3.921453e-08
4.44,0.0003285831,2.74318e-12,3.698201e-08
4.45,0.0003208747,2.464775e-12,3.487256e-08
4.46,0.000313336,2.214099e-12,3.287964e-08
4.47,0.0003059644,1.988453e-12,3.099702e-08
4.48,0.0002987558,1.785387e-12,2.921882e-08
4.49,0.0002917075,1.602681e-12,2.753944e-08
4.5,0.0002848155,1.438337e-12,2.595359e-08
4.51,0.0002780773,1.290542e-12,2.445623e-08
4.52,0.0002714891,1.15766e-12,2.304259e-08
4.53,0.0002650481,1.038216e-12,2.170814e-08
4.54,0.0002587511,9.308781e-13,2.044862e-08
4.55,0.0002525954,8.344439e-13,1.925993e-08
4.56,0.0002465776,7.478196e-13,1.813825e-08
4.57,0.0002406952,6.700355e-13,1.707991e-08
4.58,0.0002349451,6.001966e-13,1.608146e-08
4.59,0.0002293248,5.375142e-13,1.513962e-08
4.6,0.0002238313,4.81264e-13,1.425129e-08
4.61,0.0002184623,4.30799e-13,1.341352e-08
4.62,0.0002132146,3.855347e-13,1.262354e-08
4.63,0.0002080861,3.449467e-13,1.18787e-08
4.64,0.0002030742,3.085583e-13,1.117651e-08
4.65,0.0001981764,2.759439e-13,1.051461e-08
4.66,0.0001933901,2.467183e-13,9.890764e-09
4.67,0.0001887132,2.205365e-13,9.302846e-09
4.68,0.0001841431,1.970866e-13,8.748858e-09
4.69,0.0001796777,1.760892e-13,8.226902e-09
4.7,0.0001753148,1.572917e-13,7.735186e-09
4.71,0.0001710521,1.404678e-13,7.272013e-09
4.72,0.0001668875,1.254136e-13,6.835778e-09
4.73,0.0001628187,1.119466e-13,6.424963e-09
4.74,0.0001588441,9.990238e-14,6.038134e-09
4.75,0.000154961,8.913293e-14,5.673934e-09
4.76,0.0001511681,7.95056e-14,5.331079e-09
4.77,0.0001474629,7.090155e-14,5.008357e-09
4.78,0.0001438439,6.321379e-14,4.704623e-09
4.79,0.0001403089,5.63461e-14,4.418793e-09
4.8,0.0001368563,5.021303e-14,4.149844e-09
4.81,0.0001334841,4.473664e-14,3.89681e-09
4.82,0.0001301908,3.984841e-14,3.658777e-09
4.83,0.0001269744,3.54858e-14,3.434882e-09
4.84,0.0001238336,3.159354e-14,3.224311e-09
4.85,0.0001207662,2.812138e-14,3.026295e-09
4.86,0.000117771,2.502501e-14,2.840108e-09
4.87,0.0001148462,2.226436e-14,2.665064e-09
4.88,0.0001119904,1.980356e-14,2.500515e-09
4.89,0.000109202,1.761058e-14,2.345851e-09
4.9,0.0001064794,1.565677e-14,2.200496e-09
4.91,0.0001038213,1.391643e-14,2.063906e-09
4.92,0.0001012263,1.236661e-14,1.935567e-09
4.93,9.869272e-05,1.098684e-14,1.814996e-09
4.94,9.621938e-05,9.758705e-15,1.701736e-09
4.95,9.380505e-05,8.665785e-15,1.595356e-09
4.96,9.144817e-05,7.693464e-15,1.495451e-09
4.97,8.91476e-05,6.828637e-15,1.401637e-09
4.98,8.690201e-05,6.059582e-15,1.313554e-09
4.99,8.471026e-05,5.375876e-15,1.230862e-09
5,8.257095e-05,4.768201e-15,1.15324e-09
5.01,8.048311e-05,4.228206e-15,1.080387e-09
5.02,7.844535e-05,3.748477e-15,1.012016e-09
5.03,7.64568e-05,3.322404e-15,9.478607e-10
5.04,7.451606e-05,2.944053e-15,8.876678e-10
5.05,7.26223e-05,2.608186e-15,8.311996e-10
5.06,7.077425e-05,2.310081e-15,7.782318e-10
5.07,6.897102e-05,2.045576e-15,7.285535e-10
5.08,6.721146e-05,1.810915e-15,6.81966e-10
5.09,6.549469e-05,1.602806e-15,6.382823e-10
5.1,6.381961e-05,1.418274e-15,5.973262e-10
5.11,6.218538e-05,1.254691e-15,5.589322e-10
5.12,6.059093e-05,1.109712e-15,5.229443e-10
5.13,5.90355e-05,9.812564e-16,4.892158e-10
5.14,5.751801e-05,8.67463e-16,4.576085e-10
5.15,5.603774e-05,7.666855e-16,4.279928e-10
5.16,5.459375e-05,6.774555e-16,4.002464e-10
5.17,5.318524e-05,5.984708e-16,3.742545e-10
5.18,5.181134e-05,5.285679e-16,3.499092e-10
5.19,5.047124e-05,4.667209e-16,3.271087e-10
5.2,4.916424e-05,4.120116e-16,3.057578e-10
5.21,4.788947e-05,3.636297e-16,2.857666e-10
5.22,4.664627e-05,3.208546e-16,2.670509e-10
5.23,4.543379e-05,2.830436e-16,2.495313e-10
5.24,4.42514e-05,2.496292e-16,2.331334e-10
5.25,4.309835e-05,2.201078e-16,2.177873e-10
5.26,4.197401e-05,1.940313e-16,2.034272e-10
5.27,4.087758e-05,1.710047e-16,1.899914e-10
5.28,3.980854e-05,1.506743e-16,1.774219e-10
5.29,3.876614e-05,1.327287e-16,1.656644e-10
5.3,3.774983e-05,1.168941e-16,1.546676e-10
5.31,3.675892e-05,1.029238e-16,1.443836e-10
5.32,3.579288e-05,9.060198e-17,1.347673e-10
5.33,3.485106e-05,7.973573e-17,1.257766e-10
5.34,3.393292e-05,7.015679e-17,1.173717e-10
5.35,3.303786e-05,6.171344e-17,1.095154e-10
5.36,3.216537e-05,5.427384e-17,1.021728e-10
5.37,3.131487e-05,4.77195e-17,9.531112e-11
5.38,3.048589e-05,4.194682e-17,8.889967e-11
5.39,2.967783e-05,3.686379e-17,8.290963e-11
5.4,2.889029e-05,3.238902e-17,7.731397e-11
5.41,2.812267e-05,2.845075e-17,7.208738e-11
5.42,2.73746e-05,2.49854e-17,6.720609e-11
5.43,2.66455e-05,2.193688e-17,6.264785e-11
5.44,2.593499e-05,1.925579e-17,5.839179e-11
5.45,2.524262e-05,1.689832e-17,5.441838e-11
5.46,2.456787e-05,1.482607e-17,5.070928e-11
5.47,2.391041e-05,1.300478e-17,4.724734e-11
5.48,2.326976e-05,1.140454e-17,4.401649e-11
5.49,2.264555e-05,9.99883e-18,4.100166e-11
5.5,2.203735e-05,8.764307e-18,3.818876e-11
5.51,2.144476e-05,7.680427e-18,3.556458e-11
5.52,2.086743e-05,6.728964e-18,3.311675e-11
5.53,2.030498e-05,5.893958e-18,3.083371e-11
5.54,1.975703e-05,5.161331e-18,2.870462e-11
5.55,1.922325e-05,4.518743e-18,2.671934e-11
5.56,1.870324e-05,3.955184e-18,2.486839e-11
5.57,1.819674e-05,3.461117e-18,2.314288e-11
5.58,1.770333e-05,3.028037e-18,2.153451e-11
5.59,1.722276e-05,2.648526e-18,2.003551e-11
5.6,1.675467e-05,2.316024e-18,1.863862e-11
5.61,1.629878e-05,2.024785e-18,1.733704e-11
5.62,1.585476e-05,1.769746e-18,1.612442e-11
5.63,1.542232e-05,1.546466e-18,1.49948e-11
5.64,1.500118e-05,1.351035e-18,1.394265e-11
5.65,1.459107e-05,1.180022e-18,1.296277e-11
5.66,1.419169e-05,1.030411e-18,1.20503e-11
5.67,1.38028e-05,8.995598e-19,1.120071e-11
5.68,1.342411e-05,7.851344e-19,1.040977e-11
5.69,1.305537e-05,6.851022e-19,9.673514e-12
5.7,1.269636e-05,5.976752e-19,8.98825e-12
5.71,1.23468e-05,5.212786e-19,8.350523e-12
5.72,1.200648e-05,4.545384e-19,7.757108e-12
5.73,1.167514e-05,3.962501e-19,7.204995e-12
5.74,1.135258e-05,3.453544e-19,6.691371e-12
5.75,1.103855e-05,3.009248e-19,6.213612e-12
5.76,1.073286e-05,2.621482e-19,5.769268e-12
5.77,1.043528e-05,2.28315e-19,5.356053e-12
5.78,1.014563e-05,1.988013e-19,4.971834e-12
5.79,9.863687e-06,1.730601e-19,4.614619e-12
5.8,9.589262e-06,1.506176e-19,4.282551e-12
5.81,9.32216e-06,1.310529e-19,3.973899e-12
5.82,9.062204e-06,1.140036e-19,3.687046e-12
5.83,8.809185e-06,9.914794e-20,3.420485e-12
5.84,8.562964e-06,8.620842e-20,3.172812e-12
5.85,8.323337e-06,7.493913e-20,2.942717e-12
5.86,8.090155e-06,6.512801e-20,2.728977e-12
5.87,7.863236e-06,5.658785e-20,2.530456e-12
5.88,7.642437e-06,4.915581e-20,2.346093e-12
5.89,7.427584e-06,4.268962e-20,2.174897e-12
5.9,7.218529e-06,3.706526e-20,2.01595e-12
5.91,7.015126e-06,3.21742e-20,1.868393e-12
5.92,6.817234e-06,2.792199e-20,1.731426e-12
5.93,6.624693e-06,2.42259e-20,1.604305e-12
5.94,6.437372e-06,2.101414e-20,1.486337e-12
5.95,6.25515e-06,1.822384e-20,1.376876e-12
5.96,6.077877e-06,1.580033e-20,1.275321e-12
5.97,5.905433e-06,1.369589e-20,1.181114e-12
5.98,5.73769e-06,1.186884e-20,1.093732e-12
5.99,5.574527e-06,1.028308e-20,1.012693e-12
6,5.415814e-06,8.90707e-21,9.375434e-13
6.01,5.261453e-06,7.713365e-21,8.678653e-13
6.02,5.11131e-06,6.678044e-21,8.032681e-13
6.03,4.965295e-06,5.780311e-21,7.433885e-13
6.04,4.823282e-06,5.002037e-21,6.878889e-13
6.05,4.68518e-06,4.327565e-21,6.364554e-13
6.06,4.55087e-06,3.743136e-21,5.887958e-13
6.07,4.420272e-06,3.236876e-21,5.446388e-13
6.08,4.293271e-06,2.798411e-21,5.03732e-13
6.09,4.169784e-06,2.418772e-21,4.658409e-13
6.1,4.049709e-06,2.090123e-21,4.307474e-13
6.11,3.932957e-06,1.805707e-21,3.982492e-13
6.12,3.819448e-06,1.559619e-21,3.681579e-13
6.13,3.709084e-06,1.346752e-21,3.402988e-13
6.14,3.60179e-06,1.162657e-21,3.145094e-13
6.15,3.497486e-06,1.003492e-21,2.90639e-13
6.16,3.396079e-06,8.659132e-22,2.685476e-13
6.17,3.297508e-06,7.470188e-22,2.48105e-13
6.18,3.201682e-06,6.442909e-22,2.291906e-13
6.19,3.108539e-06,5.555605e-22,2.116922e-13
6.2,3.018006e-06,4.789338e-22,1.95506e-13
6.21,2.930006e-06,4.127782e-22,1.805353e-13
6.22,2.844481e-06,3.55676e-22,1.666906e-13
6.23,2.761351e-06,3.064005e-22,1.538888e-13
6.24,2.680568e-06,2.638887e-22,1.420528e-13
6.25,2.602054e-06,2.27221e-22,1.311111e-13
6.26,2.525756e-06,1.956025e-22,1.209974e-13
6.27,2.451613e-06,1.683438e-22,1.116502e-13
6.28,2.379563e-06,1.448487e-22,1.030124e-13
6.29,2.309554e-06,1.246023e-22,9.503133e-14
6.3,2.241525e-06,1.071617e-22,8.765783e-14
6.31,2.175429e-06,9.213921e-23,8.084654e-14
6.32,2.111211e-06,7.920441e-23,7.455538e-14
6.33,2.048813e-06,6.806929e-23,6.874535e-14
6.34,1.988196e-06,5.848569e-23,6.338032e-14
6.35,1.929303e-06,5.023894e-23,5.842683e-14
6.36,1.872093e-06,4.314519e-23,5.385387e-14
6.37,1.816514e-06,3.70441e-23,4.963275e-14
6.38,1.762528e-06,3.179817e-23,4.573687e-14
6.39,1.710085e-06,2.728862e-23,4.214163e-14
6.4,1.659149e-06,2.341301e-23,3.882423e-14
6.41,1.60967e-06,2.008307e-23,3.576359e-14
6.42,1.561617e-06,1.722262e-23,3.294019e-14
6.43,1.514944e-06,1.476615e-23,3.033596e-14
6.44,1.469617e-06,1.265695e-23,2.793419e-14
6.45,1.425594e-06,1.084646e-23,2.571941e-14
6.46,1.382846e-06,9.29276e-24,2.367733e-14
6.47,1.34133e-06,7.959708e-24,2.17947e-14
6.48,1.301018e-06,6.81624e-24,2.005931e-14
6.49,1.261873e-06,5.835646e-24,1.845982e-14
6.5,1.223863e-06,4.994948e-24,1.698579e-14
6.51,1.186957e-06,4.274334e-24,1.562753e-14
6.52,1.151124e-06,3.656808e-24,1.437612e-14
6.53,1.116335e-06,3.127777e-24,1.32233e-14
6.54,1.082557e-06,2.674608e-24,1.216142e-14
6.55,1.049768e-06,2.286579e-24,1.118344e-14
6.56,1.017934e-06,1.954358e-24,1.028284e-14
6.57,9.870329e-07,1.670024e-24,9.453601e-15
6.58,9.570341e-07,1.426712e-24,8.690164e-15
6.59,9.279174e-07,1.218562e-24,7.987397e-15
6.6,8.996532e-07,1.040524e-24,7.340559e-15
6.61,8.722207e-07,8.882888e-25,6.745271e-15
6.62,8.45594e-07,7.581503e-25,6.197496e-15
6.63,8.197526e-07,6.469204e-25,5.693503e-15
6.64,7.946717e-07,5.518776e-25,5.229852e-15
6.65,7.703326e-07,4.706863e-25,4.803366e-15
6.66,7.467127e-07,4.013433e-25,4.411116e-15
6.67,7.237905e-07,3.421367e-25,4.050398e-15
6.68,7.015487e-07,2.915926e-25,3.71872e-15
6.69,6.799647e-07,2.484575e-25,3.413781e-15
6.7,6.59023e-07,2.116515e-25,3.13346e-15
6.71,6.387024e-07,1.802555e-25,2.875803e-15
6.72,6.189878e-07,1.534813e-25,2.639008e-15
6.73,5.998597e-07,1.306517e-25,2.421411e-15
6.74,5.81303e-07,1.111916e-25,2.221482e-15
6.75,5.632992e-07,9.460732e-26,2.037809e-15
6.76,5.45835e-07,8.047725e-26,1.869091e-15
6.77,5.288923e-07,6.844184e-26,1.714131e-15
6.78,5.124587e-07,5.819201e-26,1.571824e-15
6.79,4.965166e-07,4.946525e-26,1.441153e-15
6.8,4.810546e-07,4.203758e-26,1.321182e-15
6.81,4.660564e-07,3.571649e-26,1.211049e-15
6.82,4.515108e-07,3.033883e-26,1.109959e-15
6.83,4.374037e-07,2.576448e-26,1.017182e-15
6.84,4.23721e-07,2.187479e-26,9.320444e-16
6.85,4.104528e-07,1.856777e-26,8.539273e-16
6.86,3.975859e-07,1.575707e-26,7.822608e-16
6.87,3.851078e-07,1.33686e-26,7.165204e-16
6.88,3.730086e-07,1.133944e-26,6.562235e-16
6.89,3.612757e-07,9.616063e-27,6.009266e-16
6.9,3.499002e-07,8.152602e-27,5.502211e-16
6.91,3.388701e-07,6.91023e-27,5.037319e-16
6.92,3.281765e-07,5.85578e-27,4.611136e-16
6.93,3.178083e-07,4.961048e-27,4.220488e-16
6.94,3.077566e-07,4.202019e-27,3.862457e-16
6.95,2.980126e-07,3.558278e-27,3.534361e-16
6.96,2.885661e-07,3.012447e-27,3.233736e-16
6.97,2.794096e-07,2.549732e-27,2.958314e-16
6.98,2.705333e-07,2.157569e-27,2.706016e-16
6.99,2.6193e-07,1.825299e-27,2.474929e-16
7,2.535912e-07,1.543823e-27,2.263295e-16
7.01,2.455085e-07,1.305441e-27,2.069503e-16
7.02,2.376751e-07,1.103606e-27,1.892069e-16
7.03,2.300835e-07,9.327523e-28,1.729634e-16
7.04,2.227257e-07,7.881571e-28,1.580948e-16
7.05,2.155957e-07,6.658274e-28,1.444865e-16
7.06,2.086862e-07,5.623421e-28,1.320332e-16
7.07,2.019909e-07,4.748331e-28,1.206383e-16
7.08,1.955029e-07,4.008473e-28,1.102132e-16
7.09,1.89217e-07,3.383076e-28,1.006765e-16
7.1,1.831259e-07,2.854546e-28,9.195359e-17
7.11,1.772249e-07,2.408028e-28,8.397607e-17
7.12,1.715075e-07,2.030863e-28,7.668114e-17
7.13,1.659686e-07,1.712373e-28,7.001123e-17
7.14,1.606025e-07,1.44348e-28,6.391357e-17
7.15,1.554044e-07,1.216524e-28,5.833975e-17
7.16,1.503687e-07,1.025006e-28,5.324542e-17
7.17,1.454912e-07,8.63438e-29,4.858991e-17
7.18,1.407664e-07,7.271644e-29,4.433595e-17
7.19,1.361903e-07,6.12248e-29,4.044941e-17
7.2,1.317581e-07,5.153702e-29,3.689899e-17
7.21,1.274651e-07,4.337179e-29,3.365602e-17
7.22,1.233078e-07,3.649142e-29,3.069427e-17
7.23,1.192813e-07,3.069531e-29,2.798968e-17
7.24,1.153824e-07,2.58136e-29,2.552024e-17
7.25,1.116064e-07,2.170316e-29,2.326578e-17
7.26,1.079503e-07,1.824282e-29,2.120785e-17
7.27,1.044098e-07,1.533064e-29,1.932955e-17
7.28,1.00982e-07,1.28803e-29,1.761542e-17
7.29,9.766276e-08,1.081888e-29,1.60513e-17
7.3,9.444931e-08,9.085325e-30,1.462425e-17
7.31,9.133802e-08,7.627624e-30,1.332242e-17
7.32,8.832617e-08,6.402353e-30,1.213497e-17
7.33,8.541019e-08,5.372595e-30,1.105199e-17
7.34,8.258754e-08,4.507399e-30,1.006441e-17
7.35,7.985503e-08,3.780597e-30,9.163937e-18
7.36,7.721025e-08,3.170276e-30,8.342995e-18
7.37,7.465018e-08,2.657844e-30,7.594654e-18
7.38,7.217222e-08,2.227698e-30,6.912578e-18
7.39,6.977395e-08,1.866717e-30,6.290978e-18
7.4,6.745289e-08,1.563862e-30,5.724563e-18
7.41,6.520641e-08,1.309832e-30,5.208499e-18
7.42,6.303253e-08,1.096799e-30,4.73837e-18
7.43,6.092873e-08,9.181928e-31,4.310139e-18
7.44,5.889286e-08,7.684932e-31,3.920123e-18
7.45,5.692301e-08,6.430483e-31,3.564956e-18
7.46,5.501681e-08,5.379513e-31,3.241564e-18
7.47,5.317257e-08,4.49921e-31,2.947143e-18
7.48,5.138812e-08,3.762087e-31,2.67913e-18
7.49,4.966176e-08,3.144962e-31,2.435187e-18
7.5,4.799142e-08,2.628438e-31,2.213181e-18
7.51,4.637567e-08,2.196228e-31,2.011165e-18
7.52,4.481246e-08,1.83465e-31,1.827361e-18
7.53,4.330039e-08,1.532237e-31,1.660149e-18
7.54,4.183779e-08,1.279366e-31,1.50805e-18
7.55,4.042291e-08,1.067979e-31,1.369716e-18
7.56,3.905452e-08,8.912944e-32,1.243916e-18
7.57,3.773096e-08,7.436732e-32,1.12953e-18
7.58,3.64508e-08,6.203505e-32,1.025535e-18
7.59,3.52128e-08,5.173543e-32,9.309995e-19
7.6,3.401546e-08,4.313532e-32,8.45073e-19
7.61,3.285767e-08,3.595648e-32,7.669817e-19
7.62,3.173797e-08,2.996529e-32,6.9602e-19
7.63,3.065532e-08,2.49662e-32,6.315453e-19
7.64,2.960839e-08,2.079651e-32,5.729718e-19
7.65,2.85962e-08,1.731879e-32,5.197661e-19
7.66,2.761745e-08,1.441928e-32,4.714425e-19
7.67,2.667124e-08,1.200242e-32,4.275584e-19
7.68,2.575642e-08,9.988145e-33,3.87711e-19
7.69,2.487199e-08,8.309982e-33,3.515335e-19
7.7,2.401706e-08,6.912141e-33,3.186922e-19
7.71,2.31906e-08,5.748034e-33,2.88883e-19
7.72,2.239169e-08,4.778848e-33,2.618295e-19
7.73,2.161948e-08,3.972128e-33,2.3728e-19
7.74,2.087311e-08,3.300822e-33,2.150056e-19
7.75,2.015168e-08,2.742302e-33,1.947979e-19
7.76,1.945447e-08,2.277748e-33,1.764675e-19
7.77,1.878059e-08,1.891437e-33,1.598421e-19
7.78,1.81294e-08,1.570274e-33,1.44765e-19
7.79,1.750007e-08,1.303322e-33,1.310937e-19
7.8,1.689196e-08,1.081509e-33,1.186988e-19
7.81,1.630429e-08,8.972177e-34,1.074624e-19
7.82,1.57365e-08,7.441627e-34,9.727756e-20
7.83,1.518785e-08,6.170691e-34,8.804706e-20
7.84,1.465779e-08,5.115587e-34,7.96825e-20
7.85,1.414563e-08,4.23984e-34,7.210361e-20
7.86,1.365087e-08,3.513225e-34,6.523745e-20
7.87,1.317287e-08,2.910426e-34,5.901779e-20
7.88,1.271113e-08,2.410477e-34,5.338446e-20
7.89,1.226506e-08,1.995929e-34,4.828283e-20
7.9,1.183422e-08,1.652278e-34,4.366329e-20
7.91,1.141804e-08,1.367477e-34,3.948082e-20
7.92,1.101605e-08,1.131491e-34,3.569454e-20
7.93,1.062782e-08,9.360156e-35,3.226736e-20
7.94,1.025284e-08,7.741185e-35,2.91656e-20
7.95,9.890712e-09,6.400701e-35,2.635872e-20
7.96,9.540979e-09,5.29111e-35,2.381901e-20
7.97,9.203272e-09,4.372788e-35,2.152133e-20
7.98,8.877142e-09,3.613039e-35,1.944286e-20
7.99,8.562251e-09,2.984552e-35,1.756295e-20
8,8.258179e-09,2.464799e-35,1.586282e-20
8.01,7.964609e-09,2.035079e-35,1.432549e-20
8.02,7.681148e-09,1.679888e-35,1.293553e-20
8.03,7.4075e-09,1.386341e-35,1.167899e-20
8.04,7.143296e-09,1.143832e-35,1.054319e-20
8.05,6.888259e-09,9.435104e-36,9.51666e-21
8.06,6.642062e-09,7.780851e-36,8.589011e-21
8.07,6.40439e-09,6.415098e-36,7.75082e-21
8.08,6.174981e-09,5.287884e-36,6.993556e-21
8.09,5.953562e-09,4.357639e-36,6.309492e-21
8.1,5.739851e-09,3.590251e-36,5.691629e-21
8.11,5.533579e-09,2.957224e-36,5.133632e-21
8.12,5.334514e-09,2.435273e-36,4.629763e-21
8.13,5.142391e-09,2.004942e-36,4.174829e-21
8.14,4.957005e-09,1.650258e-36,3.76413e-21
8.15,4.778105e-09,1.358015e-36,3.39341e-21
8.16,4.605468e-09,1.117256e-36,3.058821e-21
8.17,4.438886e-09,9.189566e-37,2.756878e-21
8.18,4.278159e-09,7.55669e-37,2.484432e-21
8.19,4.123104e-09,6.212583e-37,2.23863e-21
8.2,3.97349e-09,5.106269e-37,2.016897e-21
8.21,3.829149e-09,4.195956e-37,1.816899e-21
8.22,3.689909e-09,3.447087e-37,1.63653e-21
8.23,3.555592e-09,2.831226e-37,1.473882e-21
8.24,3.426015e-09,2.324855e-37,1.327235e-21
8.25,3.301026e-09,1.908562e-37,1.195029e-21
8.26,3.180475e-09,1.566454e-37,1.075858e-21
8.27,3.064203e-09,1.285355e-37,9.684509e-22
8.28,2.952053e-09,1.054458e-37,8.716577e-22
8.29,2.8439e-09,8.648242e-38,7.84441e-22
8.3,2.739591e-09,7.091296e-38,7.058631e-22
8.31,2.639006e-09,5.813254e-38,6.350773e-22
8.32,2.542012e-09,4.764387e-38,5.713189e-22
8.33,2.448474e-09,3.903857e-38,5.138974e-22
8.34,2.358283e-09,3.197962e-38,4.621896e-22
8.35,2.271333e-09,2.619109e-38,4.156328e-22
8.36,2.187488e-09,2.144493e-38,3.737191e-22
8.37,2.106651e-09,1.755502e-38,3.359902e-22
8.38,2.02872e-09,1.436704e-38,3.020327e-22
8.39,1.953601e-09,1.175517e-38,2.714733e-22
8.4,1.881175e-09,9.615975e-39,2.439755e-22
8.41,1.811362e-09,7.864147e-39,2.192356e-22
8.42,1.744067e-09,6.429875e-39,1.969799e-22
8.43,1.679206e-09,5.255926e-39,1.769614e-22
8.44,1.616693e-09,4.29535e-39,1.589575e-22
8.45,1.556437e-09,3.509485e-39,1.427676e-22
8.46,1.498371e-09,2.866702e-39,1.282106e-22
8.47,1.442407e-09,2.341079e-39,1.151235e-22
8.48,1.38848e-09,1.911394e-39,1.033594e-22
8.49,1.336513e-09,1.560206e-39,9.278591e-23
8.5,1.286435e-09,1.273231e-39,8.328367e-23
8.51,1.238181e-09,1.038785e-39,7.474524e-23
8.52,1.191696e-09,8.473147e-40,6.707383e-23
8.53,1.146901e-09,6.909691e-40,6.018226e-23
8.54,1.103745e-09,5.633402e-40,5.399205e-23
8.55,1.06217e-09,4.591719e-40,4.843251e-23
8.56,1.022121e-09,3.741817e-40,4.344002e-23
8.57,9.835383e-10,3.048469e-40,3.895731e-23
8.58,9.46372e-10,2.483031e-40,3.493282e-23
8.59,9.105716e-10,2.021962e-40,3.132019e-23
8.6,8.760945e-10,1.646133e-40,2.807766e-23
8.61,8.428838e-10,1.339824e-40,2.516768e-23
8.62,8.108977e-10,1.090266e-40,2.255649e-23
8.63,7.800949e-10,8.869659e-41,2.021369e-23
8.64,7.504302e-10,7.214165e-41,1.811197e-23
8.65,7.218626e-10,5.866256e-41,1.622675e-23
8.66,6.943543e-10,4.769039e-41,1.453594e-23
8.67,6.678657e-10,3.876132e-41,1.301969e-23
8.68,6.423601e-10,3.149558e-41,1.166015e-23
8.69,6.178067e-10,2.558631e-41,1.044127e-23
8.7,5.941631e-10,2.078126e-41,9.348645e-24
8.71,5.714009e-10,1.687444e-41,8.369312e-24
8.72,5.494872e-10,1.369769e-41,7.491635e-24
8.73,5.283942e-10,1.11179e-41,6.705164e-24
8.74,5.08088e-10,9.02156e-42,6.000508e-24
8.75,4.885404e-10,7.317581e-42,5.369236e-24
8.76,4.697264e-10,5.934499e-42,4.803777e-24
8.77,4.516192e-10,4.812059e-42,4.297333e-24
8.78,4.341905e-10,3.901215e-42,3.843803e-24
8.79,4.174157e-10,3.161329e-42,3.437708e-24
8.8,4.012739e-10,2.561574e-42,3.074134e-24
8.81,3.857397e-10,2.075323e-42,2.748669e-24
8.82,3.70791e-10,1.680157e-42,2.457355e-24
8.83,3.564067e-10,1.360661e-42,2.196642e-24
8.84,3.425652e-10,1.101421e-42,1.963345e-24
8.85,3.292487e-10,8.912258e-43,1.754606e-24
8.86,3.164362e-10,7.216687e-43,1.567865e-24
8.87,3.041087e-10,5.829402e-43,1.400823e-24
8.88,2.922488e-10,4.722376e-43,1.251423e-24
8.89,2.808413e-10,3.811532e-43,1.117816e-24
8.9,2.698659e-10,3.082857e-43,9.9835e-25
8.91,2.593087e-10,2.494311e-43,8.915405e-25
8.92,2.491541e-10,2.01787e-43,7.960588e-25
8.93,2.393868e-10,1.625506e-43,7.107143e-25
8.94,2.299937e-10,1.317221e-43,6.344404e-25
8.95,2.209588e-10,1.064987e-43,5.662816e-25
8.96,2.1227e-10,8.547921e-44,5.053822e-25
8.97,2.039147e-10,6.866362e-44,4.509759e-25
8.98,1.958798e-10,5.605194e-44,4.023764e-25
8.99,1.88153e-10,4.484155e-44,3.589695e-25
9,1.807238e-10,3.643376e-44,3.202052e-25
9.01,1.7358e-10,2.942727e-44,2.855915e-25
9.02,1.66712e-10,2.382207e-44,2.546876e-25
9.03,1.601091e-10,1.961818e-44,2.270995e-25
9.04,1.537607e-10,1.541428e-44,2.024746e-25
9.05,1.476576e-10,1.261169e-44,1.804973e-25
9.06,1.417916e-10,9.809089e-45,1.608855e-25
9.07,1.361519e-10,8.407791e-45,1.433866e-25
9.08,1.307311e-10,7.006492e-45,1.277751e-25
9.09,1.255206e-10,5.605194e-45,1.138492e-25
9.1,1.205134e-10,4.203895e-45,1.014284e-25
9.11,1.157003e-10,2.802597e-45,9.035135e-26
9.12,1.110747e-10,2.802597e-45,8.047403e-26
9.13,1.066294e-10,2.802597e-45,7.166758e-26
9.14,1.023583e-10,1.401298e-45,6.381688e-26
9.15,9.825343e-11,1.401298e-45,5.681909e-26
9.16,9.43092e-11,1.401298e-45,5.058232e-26
9.17,9.05197e-11,1.401298e-45,4.502453e-26
9.18,8.687847e-11,1.401298e-45,4.00724e-26
9.19,8.338038e-11,0,3.56605e-26
9.2,8.001961e-11,0,3.173039e-26
9.21,7.679094e-11,0,2.822989e-26
9.22,7.36893e-11,0,2.511243e-26
9.23,7.071024e-11,0,2.233645e-26
9.24,6.784836e-11,0,1.986486e-26
9.25,6.509959e-11,0,1.766455e-26
9.26,6.245942e-11,0,1.5706e-26
9.27,5.992413e-11,0,1.396287e-26
9.28,5.74889e-11,0,1.241164e-26
9.29,5.515021e-11,0,1.103138e-26
9.3,5.290442e-11,0,9.803389e-27
9.31,5.074824e-11,0,8.711009e-27
9.32,4.86775e-11,0,7.739387e-27
9.33,4.668929e-11,0,6.875282e-27
9.34,4.478039e-11,0,6.106893e-27
9.35,4.294781e-11,0,5.423703e-27
9.36,4.118825e-11,0,4.816343e-27
9.37,3.949918e-11,0,4.276464e-27
9.38,3.787763e-11,0,3.796627e-27
9.39,3.632125e-11,0,3.37021e-27
9.4,3.482721e-11,0,2.991313e-27
9.41,3.339315e-11,0,2.654682e-27
9.42,3.201679e-11,0,2.355641e-27
9.43,3.069573e-11,0,2.090025e-27
9.44,2.942816e-11,0,1.854128e-27
9.45,2.821153e-11,0,1.644651e-27
9.46,2.704399e-11,0,1.458659e-27
9.47,2.592367e-11,0,1.293539e-27
9.48,2.48488e-11,0,1.146968e-27
9.49,2.381735e-11,0,1.016878e-27
9.5,2.282775e-11,0,9.014301e-28
9.51,2.187833e-11,0,7.989897e-28
9.52,2.096751e-11,0,7.081026e-28
9.53,2.009367e-11,0,6.274759e-28
9.54,1.925548e-11,0,5.559603e-28
9.55,1.845139e-11,0,4.925341e-28
9.56,1.768016e-11,0,4.362895e-28
9.57,1.694044e-11,0,3.864194e-28
9.58,1.623089e-11,0,3.422071e-28
9.59,1.55504e-11,0,3.030156e-28
9.6,1.489788e-11,0,2.68279e-28
9.61,1.427203e-11,0,2.374949e-28
9.62,1.367189e-11,0,2.10217e-28
9.63,1.30964e-11,0,1.860489e-28
9.64,1.254467e-11,0,1.646388e-28
9.65,1.201558e-11,0,1.456744e-28
9.66,1.150832e-11,0,1.288784e-28
9.67,1.102197e-11,0,1.140047e-28
9.68,1.055575e-11,0,1.00835e-28
9.69,1.010882e-11,0,8.917552e-29
9.7,9.68036e-12,0,7.885439e-29
9.71,9.269664e-12,0,6.971912e-29
9.72,8.875996e-12,0,6.163449e-29
9.73,8.498699e-12,0,5.448056e-29
9.74,8.137077e-12,0,4.815098e-29
9.75,7.790492e-12,0,4.255147e-29
9.76,7.458323e-12,0,3.759844e-29
9.77,7.140065e-12,0,3.32178e-29
9.78,6.835042e-12,0,2.93439e-29
9.79,6.542758e-12,0,2.591855e-29
9.8,6.262704e-12,0,2.289019e-29
9.81,5.994413e-12,0,2.021314e-29
9.82,5.737328e-12,0,1.784696e-29
9.83,5.491021e-12,0,1.57558e-29
9.84,5.255064e-12,0,1.390793e-29
9.85,5.029058e-12,0,1.227525e-29
9.86,4.81253e-12,0,1.083288e-29
9.87,4.605118e-12,0,9.558801e-30
9.88,4.406471e-12,0,8.433519e-30
9.89,4.216206e-12,0,7.439779e-30
9.9,4.033966e-12,0,6.562316e-30
9.91,3.859445e-12,0,5.78762e-30
9.92,3.692302e-12,0,5.103743e-30
9.93,3.532246e-12,0,4.500112e-30
9.94,3.378995e-12,0,3.96738e-30
9.95,3.232235e-12,0,3.497277e-30
9.96,3.091711e-12,0,3.082494e-30
9.97,2.957169e-12,0,2.716566e-30
9.98,2.828371e-12,0,2.393779e-30
9.99,2.705051e-12,0,2.109083e-30
10,2.586992e-12,0,1.858015e-30
