Along-track_distance(m) Height(m)
-94.85468,556.8809
-94.85488,556.9181
-94.86012,557.892
-94.85561,557.0559
-94.85971,557.8169
-94.85799,557.5026
-94.85722,557.3567
-94.86032,557.9322
-94.86095,558.0498
-94.85812,557.5281
-94.86176,558.2032
-94.85883,557.6623
-94.14336,557.4172
-94.1483,558.3354
-94.14409,557.553
-94.14296,557.3401
-94.14792,558.2643
-94.14508,557.7401
-94.14016,556.8137
-94.14688,558.0681
-94.14256,557.2658
-94.14198,557.1559
-94.14401,557.5388
-93.43239,558.0144
-93.43301,558.1319
-93.42974,557.5264
-93.42825,557.245
-93.43298,558.1241
-92.71375,557.1765
-92.7194,558.2296
-92.7113,556.7145
-92.7185,558.0594
-92.71087,556.6334
-92.71842,558.0455
-92.71375,557.1769
-92.71615,557.6285
-92.71668,557.7283
-92.71118,556.6921
-92.71906,558.1663
-92.71618,557.6332
-92.71768,557.9065
-92.71572,557.5474
-92.71541,557.4886
-92.00032,557.306
-92.00513,558.1995
-92.00488,558.1546
-92.00444,558.0708
-92.00723,558.5964
-92.00439,558.0629
-92.00544,558.2585
-92.00633,558.4278
-92.0042,558.0259
-92.00231,557.6802
-92.00329,557.8543
-91.28925,557.8536
-91.28372,556.8239
-91.29319,558.5967
-91.29126,558.2341
-90.57568,557.9498
-90.57182,557.2345
-90.5774,558.2744
-89.86306,558.2225
-89.86382,558.3665
-89.85865,557.4027
-89.86256,558.129
-89.86141,557.9121
-89.86395,558.3893
-89.86367,558.3371
-89.86224,558.0674
-89.86388,558.3775
-89.86948,559.4312
-89.15124,558.64
-89.14985,558.3782
-89.15369,559.1031
-89.14883,558.1863
-89.14792,558.0152
-89.14784,557.9999
-89.1498,558.3679
-88.437,558.59
-88.43523,558.2555
-88.43662,558.5182
-88.43298,557.8331
-88.43449,558.1155
-88.43739,558.6625
-88.43127,557.5199
-88.44134,559.4063
-88.43774,558.7287
-88.43394,558.0134
-87.72386,558.7112
-87.72368,558.6766
-87.72372,558.6854
-87.7202,558.0212
-87.71885,557.7784
-87.71761,557.5439
-87.72694,559.2916
-87.00977,558.6895
-87.00971,558.6795
-87.00863,558.4753
-87.00981,558.6981
-87.01005,558.7426
-87.00903,558.5489
-86.29594,558.7142
-86.29111,557.8041
-86.2952,558.5743
-86.29939,559.363
-86.29674,558.8647
-86.29117,557.8161
-86.29779,559.0635
-86.29265,558.0953
-86.29717,558.9471
-86.29835,559.1681
-86.29508,558.5536
-85.57886,558.1219
-85.58216,558.7443
-85.58363,559.0211
-85.58535,559.3443
-85.58007,558.3502
-85.58118,558.5582
-85.5855,559.3726
-85.57809,557.9773
-85.58418,559.1227
-85.58296,558.894
-84.8672,558.5346
-84.86866,558.8113
-84.86543,558.2025
-84.86538,558.1931
-84.86652,558.4078
-84.86599,558.3074
-84.15285,558.4487
-84.15691,559.2129
-84.15568,558.981
-84.15149,558.1924
-83.43739,558.157
-83.4432,559.2516
-83.43866,558.3975
-83.4409,558.8182
-83.43983,558.6165
-83.44125,558.8857
-83.4369,558.0674
-82.72384,558.2128
-82.72566,558.5553
-82.7273,558.8641
-82.7246,558.3553
-82.72437,558.3123
-82.72872,559.1315
-82.72971,559.3186
-82.72601,558.6216
-82.72468,558.3708
-82.01316,558.8024
-82.01088,558.3727
-82.01266,558.7094
-82.01424,559.0065
-82.01433,559.0231
-82.01489,559.1293
-82.01078,558.3544
-82.01472,559.0962
-82.01261,558.699
-82.01161,558.5105
-81.29648,558.2578
-81.30046,559.0081
-81.30049,559.0132
-81.29874,558.6841
-81.2951,557.9982
-81.29646,558.2527
-81.29766,558.4801
-80.58554,558.7789
-80.58704,559.0607
-80.58276,558.2556
-80.5865,558.9603
-80.58942,559.51
-80.58514,558.7045
-80.58556,558.7841
-80.58657,558.9738
-80.58225,558.16
-79.87064,558.5606
-79.87115,558.6556
-79.87028,558.4924
-79.87143,558.7089
-79.87183,558.7849
-79.86981,558.4049
-79.86788,558.0412
-79.86848,558.1543
-79.86924,558.2958
-79.15599,558.3829
-79.15549,558.2875
-79.15692,558.5577
-79.15292,557.8043
-78.44094,558.1246
-78.4426,558.4385
-78.44386,558.6755
-77.73088,558.7914
-77.73175,558.9562
-77.72653,557.9724
-77.72865,558.3719
-77.72571,557.8175
-77.73058,558.7361
-77.72552,557.7818
-77.72604,557.8795
-77.01685,558.7252
-77.01467,558.3146
-77.01645,558.6492
-77.01408,558.2025
-77.01393,558.175
-76.30356,558.7826
-76.29791,557.7301
-76.30105,558.3098
-76.30306,558.6896
-76.30326,558.7268
-76.29968,558.0531
-75.58537,557.9123
-75.5866,558.1442
-75.58675,558.1727
-75.58656,558.1359
-75.59074,558.9221
-75.59207,559.1738
-74.87638,558.7688
-74.86787,557.1759
-74.87299,558.1297
-74.87157,557.8638
-74.8699,557.5577
-74.87067,557.7042
-74.15575,557.4381
-74.15639,557.559
-74.1543,557.1647
-74.15242,556.8102
-73.44675,558.2589
-73.43824,556.6668
-73.44327,557.6146
-73.44446,557.8284
-73.43903,556.8174
-73.44088,557.1651
-73.44258,557.4848
-73.44135,557.2538
-73.43808,556.638
-72.72392,556.501
-72.72987,557.6236
-72.72652,556.9932
-72.72763,557.2019
-72.73203,558.0181
-72.73122,557.8662
-72.72844,557.3534
-72.72481,556.6695
-72.72752,557.1813
-72.73172,557.9601
-72.01208,556.799
-72.01836,557.9697
-72.01508,557.3637
-72.011,556.5958
-72.02252,558.7538
-72.01334,557.0353
-71.29809,556.6841
-71.29723,556.5218
-71.30341,557.6852
-71.30023,557.0878
-71.29805,556.6765
-71.29776,556.6222
-71.30396,557.7792
-71.30083,557.2004
-71.29849,556.7603
-71.29691,556.4603
-71.29848,556.757
-70.58743,557.1807
-70.58418,556.5663
-70.58663,557.0291
-70.58489,556.7023
-70.58788,557.2634
-70.58443,556.6162
-70.58475,556.6742
-70.58592,556.8954
-70.58356,556.45
-70.58529,556.7773
-70.58459,556.6452
-70.5908,557.8036
-70.58698,557.0945
-69.87139,556.667
-69.87329,557.0244
-69.87141,556.6718
-69.87225,556.8299
-69.8719,556.764
-69.86992,556.3904
-69.15819,556.6816
-69.15797,556.6415
-69.15534,556.1454
-69.16161,557.3269
-69.15863,556.7655
-69.15809,556.6633
-69.15815,556.6749
-69.16,557.0217
-69.15502,556.086
-68.44481,556.6672
-68.44195,556.1284
-68.44503,556.7093
-68.44254,556.2397
-68.44628,556.9437
-67.73306,556.9413
-67.73235,556.81
-67.72874,556.1279
-67.73193,556.731
-67.73464,557.2407
-67.73176,556.697
-67.72853,556.0893
-67.01579,556.1712
-67.01408,555.8507
-67.01829,556.6423
-67.01353,555.7469
-67.01452,555.9323
-67.01252,555.5562
-67.01586,556.1862
-67.01452,555.9321
-67.01866,556.7134
-67.01466,555.9594
-66.30506,556.6185
-66.30254,556.1422
-66.29865,555.4225
-66.30119,555.89
-66.30534,556.6708
-66.30077,555.8103
-66.30159,555.9647
-66.30078,555.8118
-66.30352,556.3287
-66.30369,556.3593
-66.30347,556.3184
-66.30188,556.0192
-66.30059,555.7759
-65.59212,556.6485
-65.59166,556.5634
-65.5897,556.1942
-65.58895,556.0532
-65.58798,555.8699
-65.589,556.0618
-65.59132,556.4981
-65.58804,555.8798
-65.5884,555.9498
-65.58831,555.9324
-64.87715,556.2925
-64.87431,555.7566
-64.8755,555.9825
-64.87898,556.637
-64.87335,555.5767
-64.87725,556.3107
-64.87904,556.649
-64.8736,555.6235
-64.87289,555.5016
-64.87733,556.3275
-64.8769,556.2454
-64.16066,555.6421
-64.16427,556.3216
-64.16444,556.3525
-64.16145,555.7896
-64.16303,556.0885
-64.1629,556.0623
-64.16059,555.6295
-64.16218,555.9278
-64.16574,556.5988
-64.16137,555.7748
-64.16221,555.9333
-63.45411,556.8555
-63.44918,555.9286
-63.45285,556.6186
-63.44996,556.0749
-63.44891,555.8779
-63.45076,556.2264
-63.44836,555.7734
-62.7361,555.8564
-62.73669,555.9677
-62.73816,556.2442
-62.7359,555.8194
-62.73802,556.2169
-62.73624,555.8831
-62.73924,556.4479
-62.73825,556.2619
-62.73491,555.6311
-62.73787,556.1894
-62.02561,556.3152
-62.02597,556.3834
-62.02341,555.9006
-62.02596,556.3808
-62.02218,555.6685
-62.0265,556.4819
-62.02214,555.6611
-62.02639,556.4623
-62.02721,556.6161
-61.30885,555.585
-61.30973,555.7523
-61.31046,555.8885
-61.31078,555.9478
-61.3118,556.1414
-61.31481,556.7079
-61.31203,556.1841
-60.59798,555.9581
-60.59743,555.8555
-60.59797,555.9556
-59.88956,556.7748
-59.88526,555.965
-59.88519,555.9514
-59.88885,556.6413
-59.88491,555.8988
-59.88368,555.6678
-59.88769,556.4225
-59.13895,556.073
-59.14271,556.7812
-59.13759,555.8173
-59.1427,556.7781
-59.14156,556.5635
-59.14299,556.8334
-59.14053,556.3699
-59.14109,556.4752
-58.42976,556.3438
-58.42934,556.264
-58.43257,556.8718
-58.4319,556.7465
-58.4334,557.0295
-58.43187,556.7408
-57.72,556.4892
-57.7187,556.2445
-57.71755,556.0273
-57.72395,557.2334
-57.72232,556.9265
-57.72087,556.6519
-57.72128,556.7288
-57.72385,557.2129
-57.71704,555.9317
-57.72234,556.9304
-57.01267,557.0836
-57.00925,556.4409
-57.01069,556.7106
-57.013,557.1472
-57.01,556.5811
-57.00614,555.8546
-57.01363,557.2653
-57.01328,557.1979
-57.013,557.1467
-57.0141,557.3535
-57.00671,555.9612
-57.01186,556.9312
-56.29918,556.5114
-56.30126,556.9041
-56.30063,556.7852
-56.29902,556.4817
-56.30172,556.9908
-56.3008,556.8171
-56.30181,557.0068
-56.2993,556.5335
-56.30111,556.8743
-56.30071,556.7993
-56.30075,556.8066
-55.59406,557.498
-55.5878,556.3192
-55.59259,557.2216
-55.58975,556.686
-55.59208,557.1251
-55.59011,556.7549
-55.59127,556.9717
-55.59503,557.6805
-55.58903,556.5511
-55.59144,557.0054
-55.58863,556.4758
-54.88195,557.1716
-54.88319,557.4042
-54.87852,556.5251
-54.88385,557.5292
-54.87998,556.7998
-54.88132,557.0529
-54.88244,557.2623
-54.88288,557.3461
-54.8788,556.5773
-54.88411,557.5774
-54.17265,557.3641
-54.17052,556.963
-54.17197,557.2356
-54.16902,556.6805
-54.17165,557.1751
-54.17049,556.9581
-54.17107,557.066
-54.1746,557.7313
-54.16972,556.8127
-53.46273,557.4346
-53.45954,556.8333
-53.46157,557.2159
-53.46224,557.3425
-53.46206,557.3082
-53.46328,557.5383
-52.75265,557.4567
-52.75219,557.3691
-52.75194,557.323
-52.74856,556.6864
-52.7507,557.0887
-52.7482,556.6186
-52.75022,556.9984
-52.75203,557.3393
-52.75457,557.808
-52.75213,557.3589
-52.04126,557.2349
-52.04233,557.4352
-52.0434,557.6364
-52.04222,557.4161
-52.04317,557.5935
-52.03948,556.8992
-52.04384,557.72
-52.04152,557.2836
-51.33243,557.4973
-51.3297,556.9838
-51.33141,557.3046
-51.33299,557.6021
-51.33032,557.0999
-51.33025,557.0869
-51.33123,557.2714
-50.62187,557.4167
-50.62197,557.4362
-50.62293,557.616
-50.62279,557.5902
-50.62177,557.3983
-50.62257,557.5491
-50.62255,557.5444
-50.62271,557.5755
-50.61925,556.9226
-50.6217,557.3843
-49.91243,557.5398
-49.91168,557.3982
-49.91262,557.576
-49.91306,557.6581
-49.90928,556.9456
-49.91275,557.5992
-49.91278,557.6066
-49.9122,557.496
-49.91357,557.7432
-49.91282,557.6136
-49.91112,557.2929
-49.91496,558.0058
-49.9129,557.6288
-49.91311,557.6667
-49.91232,557.5187
-49.20279,557.618
-49.20176,557.4225
-49.20227,557.5192
-49.20209,557.485
-49.2021,557.4885
-49.20438,557.9071
-49.20263,557.5875
-49.20044,557.1748
-49.20213,557.4927
-48.49231,557.5206
-48.4927,557.5943
-48.49323,557.6927
-48.493,557.6505
-48.49157,557.3799
-48.49215,557.4893
-48.49278,557.609
-48.49266,557.5871
-48.49269,557.5926
-48.49307,557.6636
-47.7846,557.9366
-47.78437,557.8934
-47.78189,557.4363
-47.78381,557.7868
-47.78165,557.3922
-47.7832,557.6843
-47.78252,557.5562
-47.78261,557.5721
-47.78374,557.7737
-47.78334,557.7108
-47.78251,557.554
-47.78241,557.5351
-47.07267,557.5722
-47.07254,557.5472
-47.07363,557.7422
-47.0723,557.502
-47.07191,557.4285
-47.07306,557.6447
-47.07286,557.6075
-47.07341,557.7125
-46.36242,557.5074
-46.36255,557.533
-46.36319,557.6519
-46.36395,557.7846
-46.36316,557.6481
-46.36227,557.4802
-46.36322,557.6578
-45.65212,557.4361
-45.65404,557.7869
-45.65285,557.5736
-45.65403,557.784
-45.65268,557.5418
-45.65234,557.4778
-45.65228,557.465
-44.94329,557.6227
-44.94292,557.5542
-44.94373,557.7061
-44.94458,557.856
-44.94273,557.5178
-44.94353,557.6682
-44.23308,557.5336
-44.23552,557.982
-44.23306,557.53
-44.23563,558.0035
-44.23212,557.3533
-44.23348,557.6091
-44.23367,557.6437
-44.23479,557.8452
-44.23602,558.0756
-44.23372,557.6543
-44.23314,557.5435
-43.52592,558.0106
-43.52553,557.9373
-43.52255,557.3871
-43.52652,558.1233
-43.52579,557.986
-43.52402,557.6647
-43.52448,557.7395
-42.81393,557.5916
-42.81648,558.0625
-42.81321,557.4578
-42.81624,558.0163
-42.81508,557.7986
-42.8147,557.7279
-42.81782,558.3136
-42.10344,557.4387
-42.10875,558.4286
-42.10556,557.8287
-42.10506,557.7332
-42.10801,558.2882
-42.10767,558.2244
-42.10452,557.6429
-42.10735,558.164
-42.1064,557.9867
-42.10521,557.7614
-41.39923,558.441
-41.39887,558.374
-41.39552,557.7414
-41.40016,558.6155
-41.40166,558.8998
-41.40214,558.9891
-41.39622,557.8749
-41.39847,558.2979
-40.69159,558.8102
-40.68711,557.9678
-40.68866,558.2592
-40.68781,558.0986
-40.68993,558.4976
-40.6909,558.6806
-40.68735,558.0119
-40.69249,558.9806
-40.69366,559.2007
-40.69069,558.642
-40.6879,558.1163
-40.68696,557.9385
-40.69082,558.6659
-39.97651,557.773
-39.9793,558.2983
-39.98272,558.9425
-39.9786,558.1666
-39.98409,559.199
-39.98526,559.42
-39.98129,558.6735
-39.97892,558.2265
-39.26729,557.8318
-39.27263,558.837
-39.27492,559.268
-39.27003,558.347
-39.2706,558.4551
-39.27424,559.1398
-39.26894,558.1414
-39.27143,558.6109
-39.26996,558.3348
-39.27392,559.0799
-39.27008,558.3575
-38.5633,558.8282
-38.56538,559.2202
-38.56286,558.7454
-38.56405,558.9694
-38.56652,559.4344
-38.55893,558.004
-38.56482,559.1133
-37.85104,558.2911
-37.85789,559.582
-37.85525,559.0834
-37.85711,559.4333
-37.8512,558.3201
-37.85487,559.0123
-37.85738,559.4839
-37.85574,559.1763
-37.85039,558.168
-37.85837,559.6707
-37.14457,558.8476
-37.14499,558.9255
-37.14546,559.015
-37.14521,558.9688
-37.14545,559.0133
-37.14234,558.4274
-37.1448,558.8907
-37.14832,559.5532
-37.14827,559.5448
-36.43578,558.9595
-36.4392,559.6039
-36.4347,558.7571
-36.43327,558.4882
-36.43921,559.6059
-36.43554,558.9146
-36.43827,559.4285
-35.73109,559.8387
-35.72994,559.6218
-35.72939,559.5178
-35.72633,558.9424
-35.72628,558.9321
-35.72943,559.5264
-35.02137,559.7741
-35.01989,559.4954
-35.02066,559.6403
-35.02111,559.7233
-35.02184,559.8617
-35.01928,559.3787
-35.02049,559.6076
-35.02186,559.8661
-35.02154,559.8055
-34.30792,558.9896
-34.31274,559.8965
-34.31361,560.0494
-34.31488,560.2899
-34.31216,559.7875
-34.31067,559.5058
-34.31336,560.0029
-34.31246,559.8441
-34.31161,559.6844
-33.60366,559.9188
-33.60189,559.5858
-33.6011,559.4375
-33.60415,559.9995
-33.60268,559.7347
-33.59853,558.9528
-33.6027,559.7375
-33.60007,559.2435
-33.60129,559.4723
-33.60132,559.4778
-33.59997,559.2243
-32.88916,558.9248
-32.89557,560.1204
-32.89474,559.9655
-32.89345,559.7324
-32.89206,559.4707
-32.89268,559.5883
-32.89586,560.1749
-32.89521,560.054
-32.89309,559.6647
-32.89849,560.6708
-32.89379,559.7963
-32.18766,560.3599
-32.18563,559.9796
-32.18409,559.6995
-32.18629,560.1021
-32.18694,560.2258
-32.1831,559.5132
-32.1861,560.0663
-32.18521,559.9114
-32.19049,560.8937
-32.18472,559.8167
-32.18143,559.1979
-32.18518,559.9051
-31.47652,559.9871
-31.47478,559.67
-31.47715,560.1055
-31.47697,560.0719
-31.47532,559.7701
-31.47978,560.5999
-31.4731,559.353
-31.47505,559.7199
-30.76578,559.6822
-30.769,560.2784
-30.76638,559.794
-30.76707,559.9255
-30.76694,559.8993
-30.76958,560.3877
-30.76592,559.7079
-30.05891,560.0889
-30.05599,559.5488
-30.06088,560.4592
-30.05995,560.2848
-30.05953,560.2059
-30.05787,559.9023
-29.35208,560.5061
-29.34617,559.4048
-29.34593,559.3587
-29.35104,560.312
-29.35185,560.4634
-29.35014,560.1411
-29.34908,559.9412
-28.64074,560.0704
-28.63623,559.232
-28.64141,560.1964
-28.63569,559.13
-28.64168,560.2465
-27.9321,560.1462
-27.9342,560.5411
-27.93206,560.1381
-27.9291,559.5915
-27.93166,560.0639
-27.92827,559.4352
-27.93756,561.1749
-27.93138,560.0109
-27.93071,559.8945
-27.93084,559.9199
-27.21808,559.2029
-27.21931,559.4359
-27.22635,560.7499
-27.22518,560.5299
-27.22493,560.4828
-27.22724,560.9174
-27.21868,559.3159
-27.22089,559.7333
-26.51485,560.256
-26.51391,560.0779
-26.51086,559.5156
-26.5106,559.466
-26.51108,559.5556
-26.5158,560.4337
-26.509,559.1639
-25.80124,559.3775
-25.79945,559.0408
-25.80589,560.2432
-25.80073,559.2825
-25.80297,559.7046
-25.09722,560.2809
-25.09512,559.8956
-25.10055,560.9085
-25.10357,561.4775
-25.0969,560.222
-25.10129,561.0481
-25.09666,560.176
-24.3901,560.6033
-24.39146,560.8596
-24.38836,560.2763
-24.39105,560.7822
-24.39027,560.6356
-24.3938,561.3016
-24.38476,559.6098
-24.39038,560.6571
-24.39092,560.7588
-24.38601,559.8444
-23.68267,560.8537
-23.67394,559.2204
-23.67441,559.3077
-23.68,560.3507
-23.68178,560.6856
-23.68359,561.0264
-23.6839,561.0845
-23.68261,560.8411
-22.97486,561.0337
-22.96651,559.4726
-22.97393,560.8597
-22.97395,560.8621
-22.97241,560.5723
-22.96977,560.0764
-22.97357,560.7912
-22.97334,560.7479
-22.26272,560.3942
-22.25698,559.3243
-22.26466,560.761
-22.26339,560.5206
-22.26036,559.9509
-21.55643,560.8516
-21.54995,559.6428
-21.553,560.205
-21.5563,560.8281
-21.55087,559.8149
-20.85124,561.5104
-20.84558,560.444
-20.84685,560.6826
-20.8473,560.7686
-20.84657,560.6301
-20.84513,560.3594
-20.85083,561.4326
-20.14035,561.0792
-20.13875,560.7789
-20.13466,560.0082
-20.13902,560.8301
-20.13982,560.9799
-20.1365,560.3544
-20.13805,560.6459
-20.13925,560.8735
-20.13366,559.8306
-19.43234,561.2075
-19.4318,561.1042
-19.42831,560.4478
-19.42976,560.7205
-19.43153,561.0531
-19.42932,560.6382
-19.43388,561.4966
-18.7274,561.8967
-18.72353,561.1669
-18.71925,560.361
-18.72181,560.8425
-18.72581,561.5976
-18.72087,560.667
-18.72202,560.8838
-18.01252,560.7079
-18.01909,561.945
-18.01587,561.3402
-18.01189,560.5893
-18.01237,560.6802
-17.306,561.0894
-17.31141,562.1094
-17.30573,561.04
-17.30936,561.7228
-17.30981,561.8069
-17.31022,561.8849
-17.30537,560.9723
-16.59465,560.5576
-16.60005,561.5746
-16.60333,562.1807
-16.60261,562.0568
-16.59657,560.9193
-16.60223,561.9843
-16.60322,562.1604
-16.6015,561.8463
-16.59355,560.3499
-16.60184,561.9109
-16.59604,560.8195
-16.59806,561.1992
-15.89063,561.389
-15.88912,561.1046
-15.88629,560.5729
-15.89158,561.5687
-15.89231,561.7058
-15.88825,560.941
-15.88543,560.4096
-15.89415,562.0522
-15.88946,561.1695
-15.89627,562.4417
-15.89255,561.7502
-15.89234,561.7114
-15.89541,562.2793
-15.1844,561.8104
-15.18126,561.2198
-15.18398,561.7313
-15.1871,562.3074
-15.18296,561.5391
-15.18802,562.4822
-15.18361,561.6611
-15.18509,561.9395
-15.18363,561.6652
-15.18487,561.8996
-14.47719,562.0019
-14.47157,560.9442
-14.47555,561.6932
-14.47385,561.3729
-14.4732,561.2508
-14.47059,560.7598
-14.47882,562.2991
-14.47695,561.957
-14.47722,562.0074
-14.47808,562.1589
-14.47605,561.7879
-14.47572,561.7252
-13.76887,562.0202
-13.76864,561.9775
-13.76665,561.6016
-13.76586,561.4525
-13.76708,561.6829
-13.77036,562.2909
-13.76686,561.6425
-13.06064,562.04
-13.05674,561.3065
-13.05776,561.4968
-13.06145,562.1812
-13.06162,562.2146
-13.05856,561.6475
-13.05823,561.5862
-13.06091,562.0918
-13.06026,561.969
-12.35153,561.8991
-12.35036,561.6786
-12.35429,562.4089
-12.35137,561.8695
-12.3552,562.5809
-12.3508,561.7625
-11.64121,561.5267
-11.6441,562.0716
-11.64299,561.8611
-11.64117,561.5196
-10.93521,561.9716
-10.93357,561.6625
-10.22535,561.6767
-10.22886,562.3263
-10.22476,561.5647
-10.22423,561.4652
-10.22332,561.2941
-10.22433,561.4846
-9.519197,562.0746
-9.518328,561.911
-9.516489,561.5647
-9.518754,561.9914
-9.517639,561.7814
-8.810124,561.9086
-8.809137,561.7227
-8.809211,561.7365
-8.810884,562.0515
-8.807954,561.4998
-8.808287,561.5624
-8.098799,561.3237
-8.100414,561.6281
-8.104383,562.3648
-8.101272,561.7894
-8.099733,561.4998
-8.100765,561.6941
-8.098427,561.2537
-8.102462,562.0136
-7.389184,561.0567
-6.682415,561.3215
-6.68289,561.4109
-6.68625,562.0438
-6.684473,561.709
-6.686298,562.0529
-5.973388,561.1484
-5.975892,561.6198
-5.973748,561.2161
-5.976885,561.8071
-5.973829,561.2313
-5.976594,561.7522
-5.974693,561.3942
-5.268112,561.686
-5.271551,562.3229
-5.266344,561.3531
-5.270852,562.1913
-4.558987,561.4948
-4.554919,560.7287
-4.560678,561.8134
-4.557851,561.2808
-4.561635,561.9933
-4.558346,561.3741
-4.558386,561.3817
-3.848007,560.9503
-3.852205,561.7408
-3.849308,561.1953
-3.849846,561.2965
-3.849986,561.323
-3.852324,561.7633
-3.850134,561.3508
-3.845833,560.5408
-3.852622,561.8193
-3.849925,561.3114
-3.142422,561.4277
-3.13786,560.5685
-3.147369,562.3487
-3.142179,561.382
-3.141108,561.1802
-3.14383,561.693
-3.138454,560.6804
-2.429463,560.5027
-2.43493,561.5324
-2.432416,561.0588
-2.42957,560.5229
-2.434565,561.4637
-2.43003,560.6096
-2.430162,560.6344
-2.428737,560.366
-1.72171,560.5445
-1.723084,560.8033
-1.722148,560.6269
-1.727131,561.5654
-1.721233,560.4547
-1.723387,560.8604
-1.721089,560.4275
-1.020906,561.9011
-1.017155,561.1946
-1.012504,560.3188
-1.013199,560.4497
-1.01431,560.6589
-0.3056823,560.5385
-0.3047104,560.3555
-0.3044751,560.3112
-0.3078405,560.945
-0.3033869,560.1063
-0.3065352,560.6992
-0.3023438,559.9098
0.402242,560.5471
0.4046476,560.094
0.4032019,560.3663
0.4027475,560.4518
0.4048936,560.0477
0.4039471,560.2259
0.4034543,560.3187
1.11297,560.024
1.113504,559.9235
1.113249,559.9714
1.113008,560.0168
1.821499,559.9019
1.823556,559.5251
1.819912,560.2007
1.820989,559.9977
1.818327,560.4992
1.823778,559.4832
1.81907,560.3591
1.821786,559.8585
2.530147,559.7744
2.528428,560.0873
2.530418,559.7234
2.528696,560.037
2.528412,560.0904
2.53142,559.5347
2.527871,560.1923
3.238717,559.6576
3.237098,559.9517
3.236769,560.0138
3.23579,560.1981
3.236965,559.9767
3.946882,559.6038
3.946227,559.7272
3.94609,559.753
3.946055,559.7596
3.946903,559.6
3.945829,559.8022
3.94381,560.1717
3.946124,559.7466
3.943782,560.1769
3.947988,559.3956
4.65329,559.8779
4.651153,560.2697
4.650643,560.3657
4.655397,559.481
4.653981,559.7477
4.653263,559.8831
4.653139,559.8957
4.65344,559.8495
5.361984,559.7183
5.363937,559.3505
5.362957,559.5351
6.068506,559.944
6.068082,560.0239
6.068611,559.9243
6.069079,559.8469
6.06932,559.8014
6.067845,560.0685
6.778915,559.4662
6.778193,559.6021
6.77747,559.7383
6.776852,559.8548
6.778001,559.6382
6.777534,559.7264
6.7773,559.7704
7.486852,559.4403
7.486819,559.4465
7.485674,559.6621
7.485302,559.7322
7.484502,559.8829
7.484367,559.8976
8.192287,559.8827
8.193648,559.6264
8.19235,559.8707
8.195296,559.316
8.192751,559.7953
8.903554,559.2141
8.902295,559.4512
8.89992,559.8878
8.901625,559.5775
8.901052,559.6852
9.608927,559.6231
9.607796,559.8361
9.610796,559.271
10.31511,559.9059
10.3189,559.2021
10.31828,559.3193
10.31601,559.7463
10.31771,559.427
10.31942,559.1056
10.31951,559.0886
11.02256,559.9587
11.02378,559.7399
11.02387,559.7217
11.02718,559.0989
11.02292,559.8895
11.73071,559.8766
11.7353,559.013
11.73404,559.2502
11.73429,559.2019
11.73145,559.7374
11.73273,559.4961
11.73099,559.8245
11.73151,559.7259
12.43986,559.6042
12.44319,558.9767
12.44096,559.3961
12.44269,559.0713
12.44115,559.3614
12.44139,559.3162
12.43822,559.9018
12.43661,560.2044
12.44439,558.7514
12.43989,559.5988
13.1486,559.4064
13.14801,559.5178
13.14744,559.6243
13.14689,559.7283
13.14569,559.9443
13.15007,559.1283
13.14849,559.4258
13.1497,559.1985
13.14712,559.6852
13.15046,559.0563
13.85564,559.537
13.85667,559.3431
13.85812,559.0712
13.8578,559.131
13.85847,559.005
14.56194,559.7951
14.56434,559.3422
14.56095,559.9694
14.56466,559.2819
14.56582,559.0631
15.27365,559.0308
15.26965,559.7831
15.27373,559.0148
15.97838,559.5695
15.9787,559.5084
15.97934,559.3884
15.98033,559.2025
16.68935,558.9407
16.68644,559.4882
16.68941,558.9296
16.68729,559.329
16.68907,558.993
16.69014,558.7922
16.68972,558.8712
17.39397,559.5049
17.3942,559.4624
17.39669,558.994
17.39642,559.0439
17.39621,559.083
17.39479,559.3502
17.39564,559.1906
18.10322,559.1975
18.10259,559.3163
18.10505,558.8519
18.10125,559.5678
18.10294,559.2504
18.10444,558.9669
18.81213,558.9502
18.813,558.7867
18.80793,559.741
18.81351,558.6917
19.52256,558.4061
19.51953,558.9769
19.51631,559.5828
19.5192,559.0397
20.23,558.4432
20.22578,559.238
20.22696,559.0153
20.23023,558.4
20.22863,558.7004
20.93355,559.2018
20.93849,558.2703
21.6437,558.715
21.64157,559.115
21.64252,558.9368
21.64647,558.1926
21.64632,558.2217
21.64052,559.3129
21.64396,558.6657
21.64109,559.2063
21.64532,558.4094
21.63827,559.7383
21.63823,559.745
22.344,560.0713
22.35356,558.2815
22.34366,560.1357
22.34657,559.5975
22.35329,558.3318
22.35114,558.7366
22.35252,558.4767
22.35271,558.442
22.34533,559.8318
22.3434,560.1842
22.34785,559.3579
22.35021,558.9133
22.34422,560.0299
22.34606,559.6946
23.05383,559.6531
23.06044,558.4072
23.05386,559.6471
23.05401,559.6197
23.06217,558.0823
23.05088,560.1973
23.05383,559.6539
23.05356,559.7039
23.06162,558.186
23.05362,559.6924
23.062,558.1149
23.76016,559.8615
23.76218,559.4904
23.76821,558.3562
23.7627,559.3926
23.7605,559.8079
23.76825,558.348
23.76191,559.5425
23.76788,558.4185
23.76027,559.8519
23.76082,559.7469
23.76119,559.6785
24.46741,559.9156
24.46612,560.1577
24.47037,559.3691
24.47318,558.8402
24.468,559.8149
24.47048,559.3473
24.47443,558.604
24.47082,559.2839
24.46794,559.8262
25.17869,559.2195
25.17628,559.6731
25.17577,559.7702
25.17673,559.5895
25.17501,559.9023
25.17437,560.0221
25.17583,559.7585
25.88461,559.5223
25.88853,558.7831
25.88352,559.7284
25.88717,559.04
26.59522,558.9299
26.59096,559.7332
26.59525,558.9247
26.59142,559.647
26.59298,559.3528
26.59036,559.8453
26.59073,559.7761
27.30012,559.4221
27.30188,559.0909
27.2974,559.9247
27.30089,559.2769
27.29884,559.6635
27.3001,559.4262
27.30126,559.2077
27.3023,559.0126
28.00829,559.299
28.00909,559.147
28.00471,559.9616
28.00989,558.9973
28.00616,559.6986
28.00797,559.3592
28.00425,560.0485
28.00488,559.9301
28.00686,559.5686
28.00722,559.4999
28.00675,559.5878
28.00838,559.2807
28.71443,559.5655
28.71542,559.379
28.71306,559.8225
28.71699,559.0826
28.71314,559.8076
28.7173,559.0249
29.42097,559.7468
29.42167,559.6146
29.42511,558.9657
29.42162,559.6244
29.4206,559.8163
29.42123,559.6973
30.13229,559.0267
30.12975,559.504
30.13324,558.8477
30.12754,559.9104
30.84013,558.9502
30.84044,558.8915
30.83926,559.114
30.83876,559.2081
30.84042,558.8958
30.84256,558.494
30.84151,558.6912
31.55083,558.3466
31.54877,558.7349
31.54359,559.7092
31.54313,559.7953
31.55124,558.2692
31.54588,559.2781
31.54483,559.4768
32.25425,559.1121
32.24962,559.9727
32.25929,558.163
32.25697,558.5992
32.25397,559.1637
32.2566,558.669
32.25717,558.5626
32.96259,558.9509
32.95799,559.8177
32.96353,558.7748
33.67051,558.821
33.6725,558.4455
33.67467,558.0366
33.67348,558.2606
33.67517,557.9432
34.38092,558.2678
34.38056,558.3367
34.3812,558.2172
34.38177,558.1093
34.37735,558.9404
34.38012,558.4196
35.08967,558.0286
35.08829,558.2883
35.0858,558.7585
35.08538,558.8367
35.0876,558.4194
35.08772,558.397
35.08503,558.904
35.79485,558.4623
35.79803,557.863
35.79554,558.3325
35.79787,557.8922
35.79394,558.6336
35.79847,557.781
35.7974,557.9818
36.50707,557.5797
36.50494,557.9699
36.49728,559.4121
36.50568,557.8306
36.50191,558.5414
36.50317,558.3036
36.5053,557.9026
37.21543,557.403
37.21279,557.8893
37.21396,557.6689
37.20968,558.4752
37.91935,558.0728
37.9183,558.2691
37.91829,558.2725
37.91776,558.3726
37.9183,558.2691
37.91985,557.9792
38.6309,557.3164
38.62656,558.1216
38.62823,557.8082
38.62833,557.7891
38.62948,557.583
38.6262,558.1904
38.62494,558.4283
38.62667,558.1025
39.33292,558.3326
39.33796,557.3955
39.33435,558.0629
39.33889,557.2194
39.3342,558.0927
39.33731,557.5167
40.0439,557.6744
40.04021,558.3679
40.043,557.8428
40.04017,558.3756
40.04338,557.772
40.04124,558.1747
40.03962,558.481
40.0459,557.3082
40.04003,558.4033
40.04152,558.1213
40.74897,558.118
40.75208,557.5436
40.74842,558.2209
40.75351,557.2731
40.74788,558.3236
40.75203,557.5514
40.75484,557.0231
40.74824,558.2553
41.45674,558.0637
41.45689,558.0342
41.46098,557.2755
41.46283,556.9271
41.45726,557.9656
41.46054,557.3575
41.46273,556.946
41.45486,558.4172
41.4579,557.8455
42.16344,558.2101
42.16328,558.2418
42.17034,556.9225
42.17112,556.7751
42.16468,557.9766
42.16293,558.3076
42.16862,557.2465
42.16375,558.1532
42.87064,558.2637
42.87067,558.2579
42.87471,557.5092
42.87144,558.1149
43.58193,557.5593
43.58176,557.5922
43.57874,558.1494
43.58549,556.8892
43.58162,557.6077
43.58525,556.934
43.5801,557.8923
43.57944,558.017
44.29229,557.0087
44.29104,557.2438
44.29021,557.4009
44.28496,558.3793
44.29128,557.2005
44.29134,557.188
44.29203,557.0588
44.28498,558.3751
44.29312,556.8527
44.29362,556.7578
44.29361,556.7611
44.99605,557.7023
45.00055,556.8655
45.00063,556.8505
44.99395,558.0975
44.99957,557.0499
45.00003,556.9625
44.9959,557.7311
45.00104,556.7726
44.9994,557.0807
44.99602,557.7078
45.70855,556.7797
45.70621,557.2217
45.70522,557.4083
45.70775,556.9315
45.70235,557.9374
46.41429,557.1118
46.41383,557.1993
46.41428,557.114
46.41511,556.9578
46.41605,556.7798
46.41431,557.1093
46.41071,557.7766
46.41465,557.0439
47.12265,556.9521
47.12255,556.9693
47.12298,556.889
47.1228,556.9241
47.12251,556.9776
47.12064,557.3311
47.82932,557.1097
47.8298,557.019
47.82913,557.1457
47.83053,556.8824
47.82956,557.0658
47.8308,556.8306
47.82947,557.0816
47.83027,556.9302
47.82946,557.084
47.83115,556.7658
47.82946,557.0833
48.53693,557.0815
48.53617,557.2253
48.5386,556.7683
48.53787,556.905
48.53728,557.0159
48.5366,557.1443
49.24568,556.8501
49.2448,557.0162
49.2441,557.1483
49.24453,557.0663
49.24447,557.0789
49.24438,557.0961
49.24472,557.0312
49.24541,556.9008
49.24509,556.9615
49.24573,556.8414
49.95253,556.9776
49.95203,557.0717
49.95269,556.947
49.95248,556.9872
49.95142,557.1883
49.95246,556.9909
49.95105,557.2577
49.95257,556.9702
49.95107,557.2536
49.95203,557.0724
50.65875,557.2252
50.65827,557.3157
50.66017,556.9584
50.65952,557.0807
50.65836,557.2979
50.65794,557.3775
51.36642,557.2102
51.36706,557.09
51.3662,557.2521
51.36728,557.0483
51.36548,557.3871
52.07483,557.048
52.0737,557.2596
52.07446,557.1167
52.07344,557.3089
52.0723,557.523
52.07566,556.8916
52.07285,557.4203
52.07409,557.1868
52.07373,557.2553
52.78105,557.2892
52.78181,557.1455
52.77807,557.8397
52.78093,557.3115
52.78054,557.3854
52.78308,556.9066
53.49082,556.8719
53.48936,557.1466
53.48819,557.3668
53.48991,557.0435
53.48842,557.3234
53.48622,557.7277
53.48944,557.1323
53.49033,556.9642
53.48624,557.7234
53.48952,557.1175
53.48899,557.2172
53.48598,557.7734
54.19646,557.2369
54.1957,557.3799
54.19442,557.6094
54.19719,557.0995
54.19356,557.7719
54.1973,557.0778
54.19803,556.9406
54.19752,557.0366
54.19314,557.8514
54.19635,557.2565
54.90421,557.2034
54.90552,556.9569
54.90368,557.3025
54.90308,557.4163
55.61248,557.0628
55.61152,557.2437
55.61137,557.2729
55.60965,557.5868
55.61227,557.1022
55.61039,557.4568
55.61237,557.0839
56.31809,557.4366
56.31722,557.5894
56.31831,557.3954
56.31721,557.5922
56.31579,557.8591
56.3187,557.3214
57.02646,557.2913
57.02608,557.3622
57.02445,557.6595
57.02625,557.3321
57.02692,557.2042
57.73248,557.579
57.73125,557.8104
57.73518,557.0826
57.73299,557.4951
57.73264,557.56
57.73073,557.9099
57.73152,557.7599
57.7313,557.8021
58.43871,557.791
58.44329,556.9385
58.44099,557.3732
58.44151,557.2756
58.43868,557.7963
59.14822,557.4481
59.14657,557.7476
59.1479,557.5079
59.14886,557.3262
59.1496,557.1873
59.14954,557.1994
59.14522,558.0021
59.85244,558.0797
59.85553,557.5087
59.85308,557.9594
59.85624,557.3762
59.85507,557.5853
59.85566,557.4844
59.85899,556.8571
59.85461,557.6702
59.85704,557.2245
60.55903,558.2794
60.56081,557.9446
60.56369,557.4113
60.56563,557.0461
60.5616,557.7955
61.27238,557.2183
61.27206,557.277
61.26728,558.1663
61.27059,557.5539
61.27441,556.8344
61.27306,557.0897
61.26966,557.7189
61.26704,558.2121
61.97953,557.3041
61.97645,557.874
61.97945,557.3199
61.98062,557.0995
61.97392,558.3519
61.97865,557.4719
61.97833,557.5311
61.97938,557.3338
62.68684,557.3846
62.68442,557.8288
62.68392,557.9235
62.68445,557.8234
62.68592,557.5584
62.68754,557.2518
62.68383,557.941
62.68713,557.3287
62.68753,557.2549
62.68462,557.7915
62.68176,558.3303
62.68654,557.4403
63.39288,557.6853
63.39365,557.549
63.39297,557.6672
63.39626,557.0585
63.39279,557.7009
63.39417,557.4521
63.39409,557.4676
63.3931,557.642
63.39441,557.4065
64.10033,557.7314
64.10226,557.3791
64.10133,557.5536
64.10006,557.7823
64.1004,557.7196
64.10388,557.074
64.1011,557.5873
64.09802,558.1666
64.09985,557.8215
64.80779,557.7784
64.80666,557.9932
64.80833,557.6759
64.81166,557.0604
64.80649,558.0241
64.80764,557.808
64.80965,557.4407
64.80799,557.7407
64.80744,557.8444
65.51818,557.2878
65.51377,558.1069
65.51584,557.7189
65.51751,557.4136
65.5188,557.1718
65.51658,557.5786
65.51511,557.8567
65.51797,557.3263
65.5144,557.9904
65.5127,558.3103
66.22582,557.2963
66.22285,557.8455
66.22136,558.1253
66.22223,557.962
66.22428,557.5758
66.22443,557.5592
66.22359,557.7055
66.93134,557.7067
66.9325,557.4988
66.92997,557.9636
66.93054,557.8563
66.93059,557.8472
66.93133,557.7072
66.9331,557.3858
66.929,558.1458
67.6391,557.7061
67.64126,557.3099
67.6404,557.4722
67.63914,557.6979
67.63766,557.9774
67.64027,557.4974
67.63905,557.7168
68.34288,558.4685
68.34698,557.697
68.34518,558.0348
68.34267,558.5078
68.34599,557.8836
68.34783,557.5465
69.05332,557.9685
69.05692,557.3008
69.05226,558.1678
69.05235,558.1514
69.05608,557.4611
69.05475,557.7006
69.05713,557.2629
69.05512,557.6299
69.05585,557.5043
69.05328,557.976
69.05146,558.3187
69.05706,557.2747
69.05113,558.3818
69.76279,557.6541
69.75713,558.7206
69.76274,557.6647
69.76344,557.5443
69.76479,557.2899
69.76327,557.5656
69.76305,557.6064
69.76238,557.7324
70.46979,557.7996
70.47157,557.4758
70.46825,558.0889
70.47392,557.033
70.4679,558.1547
70.47435,556.9506
70.47295,557.2149
70.47031,557.7
71.17685,557.944
71.1787,557.5956
71.18019,557.3253
71.17806,557.7151
71.88657,557.592
71.88377,558.1192
71.88423,558.0314
71.88845,557.2479
71.88485,557.9146
71.8864,557.6232
71.88918,557.1091
72.59225,558.002
72.59161,558.1212
72.59303,557.8552
72.59268,557.9203
72.59215,558.0206
72.59169,558.1072
73.30071,557.8804
73.30164,557.7049
73.29944,558.1212
73.29982,558.0494
73.30397,557.2781
73.30122,557.7855
74.01097,557.446
74.00864,557.8738
74.01054,557.5266
74.01046,557.5421
74.01125,557.395
74.00857,557.8881
74.00854,557.8931
74.01216,557.2227
74.00864,557.8749
74.71789,557.6221
74.71909,557.4066
74.71547,558.0768
74.71934,557.3594
74.71595,557.9875
74.71481,558.2009
74.71896,557.4312
74.71509,558.1498
75.42474,557.8231
75.42395,557.972
75.42178,558.3798
75.42751,557.3134
75.42446,557.8755
75.42712,557.3845
75.42268,558.2119
75.42313,558.1257
75.42487,557.7987
76.13382,557.5983
76.13216,557.9109
76.12971,558.3705
76.13384,557.5939
76.1308,558.1669
76.8427,557.4334
76.84291,557.3937
76.84423,557.1459
76.84232,557.5056
76.84055,557.8286
77.54836,557.8676
77.55063,557.4508
77.55228,557.1392
77.54874,557.7971
77.55207,557.18
77.55243,557.1122
78.25883,557.4094
78.25825,557.5207
78.25998,557.194
78.25555,558.0173
78.26237,556.7421
78.96817,557.1585
78.9678,557.2278
78.96988,556.837
78.96732,557.3191
78.96918,556.969
78.96512,557.7227
79.67528,557.3292
79.67712,556.9814
79.67645,557.1088
79.67755,556.9012
79.67722,556.9633
80.38464,557.0692
80.38505,556.9936
80.38791,556.4539
80.38888,556.2718
80.38454,557.0884
80.38715,556.5976
81.09585,556.4764
81.09766,556.1335
81.09753,556.1587
81.09464,556.7042
81.09291,557.0294
81.09346,556.9261
81.80107,557.012
81.8054,556.198
81.80261,556.722
81.80333,556.5863
82.49242,556.3065
82.48972,556.8135
82.49211,556.3649
82.49086,556.6002
82.49121,556.5337
82.48779,557.1794
82.49094,556.5865
82.49422,555.9685
82.49046,556.6768
83.19791,557.0405
83.20219,556.2363
83.20278,556.1232
83.1994,556.7606
83.20123,556.415
83.19965,556.7142
83.20064,556.5266
83.2009,556.4768
83.20186,556.2972
83.19921,556.7957
83.90777,556.9461
83.90877,556.7583
83.91165,556.2158
84.61768,556.8559
84.622,556.0419
84.61794,556.8073
84.62106,556.2195
84.61742,556.9042
84.62,556.4177
84.61739,556.91
85.33121,556.0867
85.33041,556.2366
85.32819,556.655
85.33002,556.3115
85.32774,556.7412
86.03654,556.8754
86.04031,556.1657
86.74957,556.2076
86.75047,556.0394
86.74843,556.4233
86.74908,556.2995
86.75032,556.0673
86.75294,555.5738
86.75027,556.0764
86.75111,555.9175
86.75106,555.9271
87.45994,556.046
87.45974,556.0834
87.45968,556.0944
87.45773,556.4604
87.45947,556.1348
87.45955,556.1193
87.4625,555.5624
87.46139,555.7731
87.46131,555.787
88.16804,556.3033
88.17322,555.3284
88.17272,555.422
88.16817,556.2773
88.17252,555.4595
88.16982,555.9695
88.17253,555.4576
88.88164,555.5394
88.8823,555.4146
88.87856,556.118
88.88281,555.3177
88.87795,556.2339
88.88242,555.3914
88.88416,555.0746
88.88228,555.4186
88.87932,555.9753
88.88303,555.2864
89.59245,555.3023
89.59197,555.3928
89.58861,556.0269
89.5922,555.3503
89.5923,555.331
89.59177,555.4322
89.59223,555.3438
90.30133,555.4341
90.30186,555.334
90.30337,555.0611
90.29755,556.1467
90.30195,555.3182
90.30305,555.1218
90.30148,555.4064
90.30302,555.126
91.01114,555.385
91.00587,556.3781
91.01121,555.3722
91.0089,555.8075
91.01126,555.3622
91.01344,554.9628
91.00919,555.7507
91.01243,555.1526
91.00822,555.9335
91.72031,555.4667
91.72173,555.2107
91.71995,555.5355
91.723,554.9724
91.7225,555.0652
91.72133,555.2861
91.72136,555.2804
92.43141,555.2018
92.43042,555.3777
92.43117,555.2477
93.14098,555.2172
93.14029,555.3367
93.14059,555.29
93.14102,555.2098
93.1403,555.3351
93.14078,555.2547
93.14082,555.2464
93.85153,555.0624
93.84893,555.5415
93.85144,555.0793
93.85152,555.0627
93.84968,555.4009
93.84798,555.7197
93.8513,555.107
93.84818,555.6833
93.85021,555.2991
93.85175,555.02
93.85155,555.0571
94.56006,555.2797
94.5616,554.9894
94.56156,554.9972
94.558,555.6579
94.55832,555.5963
94.55974,555.3294
95.27055,555.1221
95.26931,555.3451
95.26848,555.5009
95.27113,555.011
95.26752,555.6801
95.26879,555.4418
95.27093,555.0508
95.27061,555.1111
95.26829,555.5366
95.26994,555.2362
95.98007,555.1587
95.97803,555.5315
95.97923,555.3078
95.98072,555.0372
95.97805,555.5289
95.97918,555.3168
95.979,555.3493
95.97999,555.1747
95.97974,555.2202
96.6871,555.6593
96.68982,555.1576
96.6897,555.1794
96.69051,555.0284
96.68915,555.2834
96.68831,555.4302
96.68848,555.3973
96.69074,554.9837
97.4006,554.9651
97.39981,555.1133
97.39555,555.9047
97.39875,555.3009
97.39774,555.4929
97.39923,555.2222
98.1067,555.6349
98.109,555.2123
98.10732,555.5178
98.10607,555.753
98.10895,555.2224
98.10948,555.1221
98.10998,555.028
98.10821,555.3508
98.10918,555.1773
98.10646,555.6804
98.81908,555.1582
98.81685,555.5676
98.81985,555.0116
98.81862,555.2446
99.5276,555.3907
99.52794,555.3251
99.52689,555.5227
99.52709,555.4844
99.52903,555.1308
99.52721,555.4633
99.52829,555.2703
99.52644,555.6082
99.529,555.1365
99.52545,555.7937
99.52659,555.5799
100.2395,555.0206
100.2363,555.6105
100.2367,555.5349
100.2361,555.6521
100.2393,555.0627
100.2373,555.4314
100.2342,556.0048
100.2356,555.7413
100.2386,555.1859
100.9468,555.4833
100.9457,555.6982
100.9475,555.3563
100.9443,555.9537
100.9483,555.2166
100.9451,555.8123
100.9455,555.7379
100.9463,555.5779
101.659,555.0617
101.6573,555.3632
101.6583,555.183
101.6568,555.4519
101.6538,556.019
101.6559,555.6215
101.6543,555.9324
101.6572,555.3932
101.654,555.9935
102.3688,555.0646
102.3655,555.671
102.3685,555.1138
102.3673,555.3223
102.3685,555.1129
103.0771,555.3445
103.0757,555.6082
103.0743,555.8721
103.075,555.7397
103.0777,555.2507
103.0783,555.1249
103.077,555.3732
103.0751,555.719
103.0749,555.7663
103.0749,555.7622
103.7864,555.4688
103.7849,555.7505
103.784,555.9117
103.7839,555.9344
103.7881,555.1442
103.7852,555.6938
104.4944,555.817
104.4987,555.0319
104.4951,555.6857
104.4945,555.8036
104.4976,555.2233
104.4946,555.7825
104.4934,556.0062
104.4952,555.682
105.2061,555.4946
105.2052,555.6606
105.2044,555.8088
105.2085,555.0596
105.207,555.3195
105.2065,555.4169
105.2059,555.5272
105.9177,555.1744
105.9154,555.6045
105.9165,555.3894
105.9146,555.7617
105.9175,555.2127
105.9181,555.1158
105.9165,555.4017
105.9159,555.5047
105.9188,554.9723
105.9154,555.606
106.6278,555.1206
106.6261,555.4191
106.6282,555.0517
106.6255,555.5453
107.3351,555.6062
107.3368,555.2889
107.3362,555.3985
108.0473,555.2108
108.047,555.2682
108.049,554.8796
108.0462,555.4032
108.0478,555.1146
108.0485,554.9801
108.0465,555.3558
108.7578,555.1068
108.7565,555.3432
108.7594,554.7985
108.7583,555.0134
108.7592,554.8379
108.7564,555.3587
108.7586,554.9515
108.7583,555.0201
108.7576,555.1492
109.4655,555.5292
109.4675,555.1697
109.4664,555.3595
109.4674,555.195
109.4666,555.3366
110.1766,555.3411
110.1774,555.1909
110.1764,555.3707
110.1781,555.0675
110.1766,555.345
110.8866,555.3586
110.8885,555.0127
110.8907,554.5955
110.8887,554.9675
111.5976,555.1905
111.5979,555.1321
111.5987,554.9822
111.5986,555.0007
111.5986,555.0071
112.3055,555.5956
112.3096,554.844
112.3095,554.8631
112.3109,554.5981
113.0221,554.379
113.0159,555.525
113.0182,555.1
113.0222,554.3482
113.0229,554.2297
113.0183,555.0904
113.7306,554.6893
113.7299,554.8106
113.7252,555.6876
113.7337,554.1029
113.7291,554.9547
113.7318,554.4493
113.7284,555.0886
113.731,554.5961
114.4411,554.6066
114.4444,553.9915
114.4423,554.3941
114.4431,554.2418
114.4389,555.0172
114.4421,554.4259
114.4399,554.8394
114.4437,554.1288
115.1526,554.3587
115.1517,554.5198
115.1504,554.771
115.1497,554.8947
115.8584,555.1594
115.8586,555.1338
115.8581,555.2241
115.8636,554.1954
115.8644,554.0306
115.861,554.6714
115.8572,555.3843
115.8609,554.7033
115.8644,554.0452
116.5744,554.0802
116.5725,554.431
116.5724,554.4478
116.5684,555.1941
116.5745,554.0605
116.5716,554.5929
116.5715,554.6104
116.575,553.9669
116.5668,555.4907
116.573,554.3287
117.2847,554.0573
117.28,554.9462
117.2825,554.4693
117.2844,554.1168
117.2829,554.4023
117.2838,554.2261
117.2805,554.8511
117.2851,553.9902
117.2803,554.8827
117.2796,555.0269
117.284,554.1951
117.9962,553.8122
117.9953,553.9767
117.9935,554.3288
117.9947,554.0945
117.9947,554.0952
117.9899,555.0116
117.9958,553.882
117.9935,554.3237
117.9958,553.8983
118.7057,553.9553
118.7059,553.9133
118.7054,554.0082
118.6994,555.1316
118.7016,554.7257
118.7062,553.8541
119.4161,553.914
119.416,553.9432
119.4138,554.3555
119.4159,553.9614
119.41,555.0764
119.4131,554.4877
119.4146,554.2087
119.4153,554.0711
120.1268,553.8182
120.1276,553.674
120.1266,553.8684
120.1222,554.6951
120.1249,554.1788
120.1274,553.7131
120.1272,553.7442
120.128,553.5967
120.8371,553.8225
120.8318,554.8027
120.8382,553.6163
120.8324,554.7005
120.837,553.8412
120.8368,553.8763
120.8389,553.4705
120.835,554.2013
120.8355,554.1191
120.8355,554.1086
120.8388,553.4976
121.5468,553.9119
121.5482,553.6589
121.545,554.2664
121.5459,554.0989
121.5465,553.9692
121.5472,553.8517
121.5466,553.961
122.2587,553.6149
122.2585,553.6453
122.258,553.7425
122.2596,553.4535
122.2575,553.8441
122.2581,553.7189
122.2539,554.5205
122.2581,553.7286
122.9694,553.5298
122.9683,553.7535
122.9675,553.8896
122.9651,554.3517
122.9686,553.6879
122.969,553.6083
122.9705,553.3395
123.6783,553.787
123.6809,553.3089
123.679,553.656
123.679,553.654
124.3883,553.8464
124.3885,553.8101
124.3883,553.856
124.3903,553.4744
124.3882,553.8738
124.3874,554.0304
124.3873,554.0338
125.0987,553.845
125.0977,554.0336
125.0979,553.9882
125.102,553.2169
125.8088,553.8871
125.8093,553.7941
125.8078,554.0753
125.811,553.4886
125.8113,553.4182
126.5192,553.8828
126.521,553.5543
126.5213,553.492
126.5214,553.4681
126.5187,553.9781
126.5195,553.8276
126.5245,552.8903
126.5223,553.2939
127.2305,553.7017
127.2315,553.5093
127.2344,552.9792
127.235,552.8619
127.2341,553.0167
127.9435,553.2017
127.9454,552.8589
127.9466,552.6317
127.9451,552.9053
127.9451,552.9191
128.6529,553.399
128.6505,553.8426
128.6575,552.5317
128.6551,552.9843
129.3676,552.5918
129.3687,552.3859
130.076,552.9699
130.7854,553.1044
130.7895,552.3425
131.4973,552.8254
132.2058,553.1971
132.2098,552.4485
132.2097,552.4691
132.9213,552.2526
132.9205,552.4082
132.9138,553.6473
132.9137,553.6723
134.3404,552.6132
134.3409,552.513
134.3357,553.478
135.0511,552.5573
135.0473,553.2682
135.0515,552.4755
135.7612,552.6369
135.763,552.2864
135.755,553.7812
135.7542,553.9283
135.7574,553.3317
136.4712,552.7277
136.4667,553.5594
136.4701,552.9244
136.4704,552.8777
137.1799,553.0596
137.1798,553.0637
137.1839,552.3091
137.8846,554.1299
137.8917,552.8178
137.8839,554.2706
137.8932,552.5284
137.8886,553.3906
137.8891,553.2861
137.8863,553.8238
138.5993,553.3418
138.6043,552.4119
138.5969,553.8069
138.6017,552.9128
138.5957,554.0231
139.3069,553.8986
139.307,553.8879
139.3075,553.7825
139.3078,553.7289
139.3092,553.4753
139.3095,553.4196
139.314,552.5683
139.3076,553.77
139.3092,553.4758
139.3128,552.8088
139.308,553.7032
140.0185,553.7007
140.0209,553.2606
140.0178,553.8338
140.0195,553.5242
140.7319,553.1611
140.7343,552.7269
140.7274,554.0108
140.7323,553.0986
140.7282,553.8602
141.4381,553.9822
141.4408,553.4629
141.4439,552.8938
141.4388,553.8396
141.4398,553.6524
141.4402,553.5784
141.436,554.3753
141.438,553.9974
141.4411,553.4195
141.4383,553.9401
142.1488,553.9623
142.1515,553.4381
142.1539,553.001
142.1485,554.0018
142.1511,553.5273
142.1479,554.1224
142.1493,553.8663
142.1503,553.6743
142.1482,554.0659
142.8605,553.7598
142.8575,554.3221
142.86,553.838
142.8634,553.2014
142.8625,553.3835
142.8588,554.0698
142.8592,554.0027
142.8596,553.9263
142.8581,554.2083
142.8596,553.9162
143.573,553.3873
143.5714,553.7023
143.5696,554.0255
143.5708,553.7977
143.5698,553.9939
143.5697,554.0181
143.5702,553.9121
143.5689,554.1583
144.2816,553.7705
144.2799,554.0902
144.2823,553.6351
144.2793,554.1906
144.2837,553.3789
144.28,554.0618
144.2817,553.7402
144.9908,554.0218
144.9934,553.5266
144.9897,554.2339
144.9894,554.2869
144.991,553.9736
145.6974,554.783
145.7025,553.811
145.7012,554.0534
145.7018,553.9503
145.7045,553.443
145.7001,554.2654
145.7043,553.4672
145.6993,554.4192
145.701,554.0886
146.4129,553.8576
146.4123,553.9631
146.4128,553.8705
146.4149,553.4731
146.4122,553.9929
146.4126,553.9056
146.4122,553.9814
147.1217,554.2053
147.1246,553.6458
147.1236,553.8451
147.1222,554.096
147.1238,553.8037
147.1243,553.7099
147.125,553.5777
147.1212,554.2955
147.8329,554.0895
147.8328,554.1111
147.8341,553.8712
147.8304,554.5665
147.8348,553.7388
147.8361,553.4848
147.8321,554.2428
147.8343,553.8212
147.8355,553.5964
147.8296,554.7091
147.8349,553.7047
147.833,554.0704
147.8331,554.0601
148.5461,553.614
148.5445,553.9131
148.5437,554.0613
148.5448,553.8517
148.5452,553.7857
148.5443,553.9626
148.5437,554.0635
148.5429,554.2111
148.5444,553.9326
148.5449,553.8459
148.5427,554.2506
149.2566,553.6298
149.2564,553.6694
149.2553,553.874
149.2523,554.438
149.9622,554.5858
149.9676,553.5628
149.964,554.2388
149.9659,553.8775
149.9657,553.9158
149.9659,553.8839
149.9671,553.6523
149.9638,554.2844
149.9671,553.6619
150.676,553.9896
150.6777,553.6655
150.6748,554.2209
150.6764,553.9193
151.385,554.3101
151.3859,554.1285
151.3817,554.9249
152.8049,554.5696
152.8027,554.976
152.8013,555.2214
152.8076,554.0463
152.8049,554.5593
152.8001,555.4631
152.7981,555.8259
153.5105,555.5084
153.5207,553.5938
153.5101,555.5847
153.5137,554.9124
153.5117,555.2804
153.5095,555.6999
153.5186,553.9951
153.5165,554.389
153.5094,555.7094
154.2206,555.627
154.2201,555.7135
154.2194,555.8427
154.2215,555.4401
154.2198,555.7596
154.2211,555.5313
154.2239,555.0072
154.221,555.5367
154.2281,554.215
154.2225,555.2645
154.931,555.6775
154.9348,554.9697
154.9337,555.1765
154.9293,555.9865
154.9317,555.549
154.9346,555.0091
154.9302,555.8241
154.9288,556.0793
154.9298,555.8975
154.935,554.9229
154.9305,555.7684
154.9304,555.7862
154.9331,555.2709
155.6423,555.5073
155.6418,555.5928
155.6432,555.3453
155.646,554.8185
155.6414,555.6769
155.6434,555.3015
155.6405,555.8368
155.6397,556.0033
155.6401,555.9133
155.6433,555.3127
156.3497,556.1304
156.3519,555.7144
156.3513,555.8249
156.3523,555.6366
156.3511,555.8655
156.3509,555.9014
156.3519,555.7228
156.352,555.6872
157.062,555.8311
157.0627,555.7024
157.062,555.8307
157.0613,555.9561
157.0623,555.7745
157.0621,555.8113
157.0618,555.8688
157.0634,555.5692
157.062,555.8279
157.0623,555.7776
157.0612,555.9857
157.7729,555.7807
157.7733,555.7141
157.7728,555.8119
157.7717,556.0125
157.7734,555.6961
157.7719,555.9805
157.7727,555.8297
157.7724,555.8881
157.7721,555.9348
157.7726,555.8413
158.4833,555.8408
158.4832,555.8588
158.4836,555.7759
158.4832,555.8569
158.4825,555.9821
158.4839,555.7243
158.4833,555.8304
158.484,555.7075
158.483,555.8976
158.4839,555.7166
159.1924,556.1501
159.1932,555.9883
159.1936,555.9182
159.1945,555.7391
159.1941,555.8226
159.1926,556.103
159.195,555.6574
159.1943,555.7852
159.1949,555.6732
159.1933,555.9678
159.9052,555.7609
159.9049,555.8201
159.9035,556.0833
160.6162,555.6992
160.6165,555.6522
160.6166,555.629
160.6163,555.6818
160.6146,556.0074
160.6147,555.9921
161.3258,555.9238
161.3269,555.7038
161.3263,555.8285
161.3261,555.8548
161.325,556.0713
161.3254,555.9856
161.3257,555.9364
162.0378,555.6772
162.0366,555.9026
162.038,555.6329
162.0374,555.7571
162.0376,555.722
162.0381,555.6267
162.0361,555.9952
162.0364,555.9357
162.0359,556.0369
162.0365,555.9274
162.7477,555.8274
162.7469,555.9803
162.7475,555.8612
162.7472,555.9152
162.7475,555.8602
162.7461,556.1298
162.7472,555.9166
162.7476,555.8417
162.7469,555.9803
162.7464,556.0769
162.7461,556.123
163.459,555.7087
163.4575,556.0056
163.4576,555.9873
163.4568,556.1341
163.4586,555.7939
164.1687,555.9093
164.1696,555.7495
164.1679,556.0562
164.1681,556.0168
164.8801,555.7979
164.8795,555.8965
164.8799,555.8188
164.8799,555.8328
164.8792,555.9527
164.8776,556.2507
164.8778,556.2144
164.8789,556.0181
164.8798,555.8428
164.8782,556.1473
164.8803,555.7448
165.589,556.1378
166.3009,555.9251
166.3017,555.77
166.2991,556.2678
166.3017,555.7682
166.2994,556.202
167.0121,555.8246
167.0105,556.1367
167.0124,555.772
167.013,555.6534
167.0112,555.9915
167.0116,555.9228
167.7219,556.0014
167.721,556.1871
167.7233,555.7465
167.72,556.3709
167.7217,556.0547
167.7217,556.0417
167.7216,556.0665
167.7235,555.7151
168.4319,556.1588
168.4317,556.1869
168.4321,556.1144
168.4337,555.8132
168.4305,556.4067
169.1432,556.0464
169.1413,556.4086
169.1427,556.1516
169.1416,556.3548
169.1439,555.91
169.1402,556.6175
169.1426,556.1525
169.8549,555.8691
169.8511,556.5909
169.8524,556.3353
169.8516,556.4879
169.8524,556.3385
169.8523,556.3533
169.8531,556.1992
169.8558,555.7053
170.5624,556.4816
170.563,556.3691
170.5656,555.8761
170.5666,555.6826
170.5627,556.4232
171.2745,556.2151
171.2753,556.063
171.2718,556.7321
171.2766,555.8268
171.2699,557.0855
171.9844,556.377
171.9844,556.3748
171.9832,556.6116
171.9853,556.2207
171.9803,557.1482
171.9813,556.9716
171.9856,556.1495
171.9815,556.9212
171.9813,556.9623
171.9868,555.9256
171.984,556.4495
172.6925,556.8777
172.6978,555.8947
172.6898,557.3918
172.6952,556.379
172.6969,556.0611
172.6973,555.9747
172.6939,556.6115
172.6929,556.7982
173.3993,557.6014
173.4054,556.4631
173.4053,556.4879
173.4015,557.2057
173.404,556.73
174.114,556.8838
174.1156,556.5772
174.1113,557.38
174.1122,557.2256
174.1121,557.2327
174.8232,557.1785
174.8197,557.8375
174.8257,556.7042
174.8233,557.1652
175.5343,557.1169
175.5345,557.0737
175.5353,556.9355
175.5344,557.0991
175.5341,557.158
175.5363,556.7475
175.5316,557.6222
176.2459,556.9619
176.2446,557.2061
176.2401,558.0438
176.2383,558.3878
176.248,556.5677
176.2441,557.3017
176.2432,557.4655
176.2467,556.8048
176.2383,558.3763
176.248,556.5566
176.2419,557.7128
176.9524,557.7575
176.9508,558.0629
176.9499,558.2277
177.6593,558.4786
177.6628,557.8191
177.6581,558.6995
177.6621,557.9509
177.6704,556.3863
177.6568,558.9438
177.6621,557.9462
178.3705,558.3878
178.3724,558.0296
178.3714,558.2265
178.3659,559.2476
178.369,558.6672
178.3786,556.8764
178.374,557.7261
178.3677,558.9093
179.0883,557.0761
179.077,559.1882
179.0766,559.274
179.0826,558.1371
179.0796,558.7001
179.0845,557.778
179.0814,558.361
179.0788,558.8532
179.0755,559.4753
179.0813,558.3735
179.0816,558.329
179.0771,559.1631
179.0811,558.4255
179.08,558.6162
179.7957,557.656
179.786,559.486
179.7985,557.1315
179.7946,557.8589
179.7975,557.3214
179.7881,559.0836
179.7909,558.5576
179.7881,559.0882
179.7877,559.1569
179.7916,558.4231
180.4989,559.0749
180.5088,557.2189
180.5085,557.2778
180.4988,559.095
180.5001,558.848
180.5073,557.4955
180.5014,558.6047
180.505,557.9141
180.4992,559.0141
180.499,559.0556
180.5082,557.3217
180.5011,558.6599
180.4982,559.1934
180.5013,558.627
181.2088,559.2245
181.2101,558.9918
181.2092,559.1606
181.2122,558.5945
181.206,559.7428
181.2121,558.6207
181.2095,559.0905
181.2093,559.1428
181.2126,558.5226
181.2163,557.816
181.2082,559.3398
181.9262,557.9802
181.9181,559.5005
181.9222,558.7403
181.9208,559.0026
181.9217,558.8241
181.9197,559.2101
181.9194,559.2541
181.9195,559.249
181.9195,559.2465
182.6317,558.9878
182.629,559.4941
182.6299,559.3186
182.6309,559.1324
182.6318,558.9648
183.3402,559.4016
183.3433,558.8198
183.3388,559.6656
183.3415,559.1672
183.3432,558.8323
183.3412,559.2267
183.3413,559.1972
183.3401,559.4164
183.3435,558.7905
183.3444,558.6233
184.0529,559.0359
184.0557,558.5214
184.0544,558.7546
184.0495,559.6733
184.0553,558.5919
184.0493,559.6979
184.7597,559.7625
184.7667,558.4636
184.7623,559.2875
184.763,559.1541
184.7629,559.1779
184.7634,559.0865
184.7649,558.799
184.7631,559.1431
184.7621,559.3222
184.7613,559.4778
185.4756,558.8038
185.4767,558.5915
185.4729,559.323
185.4743,559.0546
185.475,558.9164
186.1853,559.0027
186.1861,558.8629
186.1853,559.0066
186.1797,560.0436
186.8962,558.9773
186.8953,559.1498
186.8953,559.1415
186.8972,558.7914
186.8969,558.8389
186.8944,559.3181
187.6055,559.2554
187.6073,558.9174
187.6077,558.8406
187.6043,559.4761
187.6027,559.7664
187.6053,559.2868
187.6067,559.0311
187.6049,559.3525
188.3156,559.3617
188.3161,559.261
188.3131,559.8171
188.3155,559.3752
188.3128,559.8724
189.0257,559.4802
189.029,558.8565
189.0267,559.2996
189.0284,558.9807
189.7362,559.5207
189.7383,559.1229
189.738,559.1921
189.7339,559.9494
189.7382,559.1495
189.7368,559.422
189.7348,559.7772
189.737,559.3861
190.4484,559.2518
190.4447,559.9408
190.4476,559.4072
190.4487,559.1898
190.4472,559.4698
190.4495,559.0399
191.1541,560.1915
191.1607,558.9637
191.1607,558.9617
191.1581,559.4498
191.1593,559.2338
191.1605,558.9963
191.1608,558.9453
191.1541,560.2069
191.8696,559.3141
191.8715,558.9583
191.8709,559.0696
192.581,559.1716
192.58,559.3576
192.5783,559.6779
192.582,558.9876
192.5762,560.0736
193.2886,559.7625
193.2878,559.9022
194.0015,559.3528
194.0043,558.8297
194.0091,557.9167
194.0048,558.7317
193.9991,559.7938
194.0022,559.2283
194.7098,559.8049
194.7137,559.0732
194.7113,559.5338
194.7181,558.2521
194.7135,559.1095
194.7122,559.3625
194.7192,558.0363
194.7146,558.9078
194.7185,558.1694
195.4258,558.8037
195.4198,559.9227
195.4247,559.0252
195.4303,557.9592
195.4279,558.4037
195.4255,558.8726
195.4315,557.7417
195.4271,558.5685
195.4251,558.946
195.4218,559.5679
196.1426,557.6633
196.1373,558.6536
196.1388,558.3839
196.1376,558.609
196.1311,559.8161
196.1431,557.5612
196.136,558.8987
196.8498,558.3292
196.8529,557.732
196.8515,558.0049
196.8468,558.8876
196.8527,557.7747
196.8546,557.4103
196.8515,557.9964
196.8499,558.3094
196.8523,557.8433
196.8526,557.7926
197.5627,557.9141
197.5597,558.4841
197.56,558.4384
197.5631,557.8524
197.5605,558.3298
197.5588,558.6589
197.5623,557.9933
197.5642,557.6452
198.2682,558.8939
198.2754,557.5366
198.2733,557.9319
198.2735,557.9088
198.2747,557.6658
198.2703,558.5116
198.2719,558.202
198.9804,558.6218
198.9833,558.0765
198.982,558.3147
198.9816,558.4011
198.9811,558.4768
198.9841,557.9293
198.9813,558.4439
198.9859,557.5894
198.9779,559.0839
198.98,558.6923
198.9844,557.8596
198.9783,559.0201
199.6927,558.2958
199.6952,557.8369
199.6898,558.8427
199.696,557.6782
200.4071,557.6031
200.4077,557.4969
200.407,557.6215
200.4063,557.7626
200.4072,557.5819
201.1159,557.9627
201.1123,558.6409
201.1161,557.9225
201.1154,558.0593
201.1167,557.8091
201.1164,557.8702
201.1138,558.3615
201.113,558.5122
201.1168,557.7996
201.8266,557.9528
201.8261,558.0513
201.828,557.6959
201.829,557.5054
201.8269,557.9054
201.8274,557.8101
202.5374,557.9164
202.5369,558.0165
202.5381,557.7861
202.5376,557.885
202.5357,558.2493
202.536,558.1843
202.5359,558.2102
203.249,557.7466
203.247,558.1356
203.249,557.7593
203.2472,558.0875
203.2484,557.8693
203.2488,557.7946
203.2469,558.1403
203.2489,557.7607
203.9605,557.5594
203.9564,558.3317
203.9554,558.5237
203.958,558.0173
203.958,558.0225
204.6703,557.7188
204.6666,558.4141
204.6697,557.8254
204.6703,557.7202
205.3813,557.65
205.3765,558.5512
205.3811,557.6917
205.382,557.5158
205.379,558.0884
205.3796,557.9777
205.3786,558.1662
206.0884,558.3155
206.0902,557.9719
206.0915,557.7312
206.0872,558.546
206.0882,558.3491
206.8019,557.7781
206.796,558.8862
206.797,558.6923
206.8017,557.8112
206.7988,558.3682
206.7952,559.0361
206.8037,557.4355
207.5098,558.2842
207.5116,557.9625
207.5054,559.1153
207.5099,558.2827
207.5086,558.5214
207.5056,559.0827
207.5079,558.6443
207.5055,559.0983
208.2217,558.0627
208.2153,559.2625
208.2188,558.6071
208.212,559.8857
208.2161,559.1227
208.2229,557.8453
208.2147,559.3757
208.9248,559.4883
208.9321,558.1035
208.9258,559.2973
208.9249,559.4727
208.9286,558.7645
209.6425,558.1459
209.642,558.2399
209.6389,558.8165
209.6393,558.7407
209.6344,559.6644
209.6405,558.5165
209.6361,559.3446
209.6333,559.8717
210.3451,559.6401
210.3499,558.7435
210.3466,559.3732
210.3439,559.8749
210.3442,559.8116
210.3505,558.6354
210.3432,560.0046
210.3456,559.5541
211.0627,558.3366
211.0559,559.6029
211.0616,558.5344
211.0543,559.9136
211.0518,560.3765
211.0548,559.8109
211.0551,559.7613
211.0553,559.7255
211.0568,559.4557
211.0587,559.0973
211.0537,560.0178
211.7644,560.0119
211.7637,560.1448
211.7668,559.5596
211.765,559.8942
211.764,560.0821
211.7673,559.4779
211.7681,559.317
211.7652,559.8633
211.7649,559.9104
211.7684,559.2639
211.767,559.5331
212.4752,559.9709
213.192,558.8054
213.1873,559.6832
213.1835,560.3937
213.1879,559.5791
213.1856,559.988
213.1824,560.5915
213.8985,559.5812
213.8963,559.9802
213.8966,559.9127
213.8994,559.4068
213.8991,559.4573
214.6133,558.7892
214.6067,560.0197
214.6069,559.9918
214.6079,559.7953
214.6059,560.1754
214.6095,559.5106
214.6063,560.1002
214.6076,559.8457
214.6072,559.9277
214.6098,559.4407
215.3187,559.7559
215.318,559.8777
215.3144,560.5556
215.3191,559.6816
215.3184,559.8036
215.3174,560.008
215.3208,559.3707
215.3194,559.6318
215.3168,560.1069
216.0274,560.1099
216.0261,560.3429
216.0287,559.8602
216.0283,559.93
216.0305,559.5345
216.0288,559.8354
216.0271,560.1707
216.0298,559.6602
216.7363,560.4286
216.742,559.3624
216.7377,560.1642
216.7422,559.3208
216.7411,559.5172
216.7389,559.9291
216.737,560.2856
216.739,559.9099
216.7407,559.5859
217.4486,560.0783
217.4509,559.6441
217.4468,560.4233
217.4474,560.3018
217.4515,559.5448
218.16,559.9222
218.1614,559.6677
218.1583,560.2495
218.1573,560.4224
218.1618,559.5791
218.1597,559.9722
218.1561,560.666
218.159,560.108
218.1579,560.3132
218.8682,560.3628
218.8666,560.6604
218.8731,559.4462
218.8708,559.8703
218.8723,559.5938
218.871,559.8301
218.8682,560.3629
218.8707,559.8964
218.8711,559.8239
218.8702,559.9974
219.5781,560.4834
219.5754,561.0024
219.5805,560.0301
219.5807,559.9906
219.5781,560.4901
219.5794,560.2498
220.2892,560.3777
220.2881,560.5853
220.2945,559.3745
220.291,560.0314
220.2936,559.5504
220.2929,559.6671
220.2918,559.8885
221.0023,559.8864
220.9989,560.534
220.9992,560.4688
220.9997,560.3803
221.0052,559.3536
220.9991,560.4861
221.0025,559.8494
221.001,560.1234
221.7132,559.823
221.7148,559.5322
221.7114,560.1495
221.714,559.6675
221.7132,559.8169
221.7104,560.338
221.7107,560.2798
221.7092,560.5627
221.7114,560.1494
221.71,560.413
221.7133,559.8057
221.7098,560.4481
221.714,559.661
221.7095,560.5098
222.4212,560.2803
222.4226,560.0313
222.4231,559.9233
223.1332,560.0203
223.1327,560.1101
223.1319,560.2549
223.1319,560.2695
223.844,559.964
223.8439,559.9741
223.8454,559.704
223.8427,560.2001
223.8414,560.4604
224.5674,560.4478
224.5701,559.9453
224.5709,559.7795
224.5692,560.0971
224.5691,560.1306
224.5716,559.6463
224.5714,559.6901
224.5679,560.3458
224.5694,560.0613
224.572,559.5745
225.279,560.0496
225.2796,559.9363
225.2781,560.2135
225.2791,560.0374
225.2767,560.4862
225.2789,560.0677
225.2784,560.1583
225.2797,559.9171
225.9908,559.6222
225.9895,559.8511
225.989,559.9584
225.9896,559.8445
225.9892,559.9193
226.6995,559.7613
226.6992,559.8139
226.6988,559.8915
226.6977,560.1035
226.6994,559.7814
226.6972,560.2013
227.4068,560.1663
227.4101,559.5565
227.4086,559.83
227.4083,559.8851
227.4115,559.3092
227.409,559.7655
227.4078,559.9831
228.1182,559.7532
228.1173,559.9345
228.1197,559.4931
228.1151,560.3521
228.1195,559.5284
228.8344,558.5138
228.8276,559.7746
229.5438,558.5097
229.5429,558.6896
229.538,559.5867
229.541,559.035
229.5385,559.52
229.5422,558.8231
229.5449,558.3137
230.2476,559.5634
230.2543,558.3254
230.2558,558.0253
230.2513,558.8776
230.2565,557.8948
230.2499,559.1425
230.2469,559.6936
230.2467,559.7424
230.2548,558.2299
230.2464,559.7893
230.248,559.494
230.2452,560.0201
230.9579,559.4081
230.9572,559.5364
230.9652,558.0338
230.9672,557.6508
230.9631,558.4285
230.9523,560.4546
230.9673,557.6445
230.9615,558.7209
231.6704,558.8382
231.6748,558.016
231.6701,558.9052
231.6634,560.1469
231.6708,558.7636
231.6662,559.6194
231.6691,559.0951
231.6749,557.9988
231.6688,559.1373
231.6756,557.8604
231.668,559.3016
231.6751,557.9545
232.3855,557.7678
232.3853,557.8043
232.3858,557.7151
232.3818,558.4734
232.3806,558.6891
232.3772,559.331
233.0927,558.1985
233.0913,558.4562
233.0829,560.0364
233.0946,557.8354
233.0841,559.8026
233.0939,557.9673
233.8036,557.906
233.797,559.1511
233.7933,559.8462
233.804,557.834
233.7953,559.4826
233.7938,559.7555
233.8053,557.6033
234.5026,559.8602
234.5114,558.2198
234.507,559.0459
234.5094,558.6012
234.514,557.7333
234.5052,559.3846
235.2221,557.9692
235.223,557.8001
235.2121,559.839
235.2234,557.7135
235.2137,559.5511
235.2108,560.0754
235.2194,558.4662
235.2226,557.8633
235.2169,558.9496
235.2112,560.0176
235.2118,559.8929
235.2163,559.0609
235.9217,559.8079
235.9263,558.9429
235.9232,559.5276
235.9206,560.0151
235.9226,559.6279
235.9213,559.8796
235.9209,559.9503
235.9256,559.0726
235.9261,558.9763
235.9197,560.172
236.63,560.0042
236.6287,560.246
236.6301,559.9876
236.638,558.5155
236.6371,558.6792
236.6331,559.4396
236.6305,559.9093
237.3497,558.0812
237.3517,557.7032
237.3442,559.1119
237.342,559.5218
237.3476,558.4693
237.3376,560.3362
237.3434,559.2717
237.3514,557.7547
237.3404,559.8133
238.0533,559.1487
238.052,559.3925
238.0467,560.3813
238.0534,559.1299
238.0531,559.1866
238.0581,558.2445
238.0528,559.2426
238.0496,559.8448
238.0484,560.0699
238.7678,558.1847
238.7591,559.8253
238.7681,558.1396
238.7629,559.1221
238.7578,560.066
238.763,559.101
239.4632,560.8139
239.4643,560.6021
239.4675,559.9969
239.4681,559.8878
239.4691,559.7047
239.4676,559.9932
239.4742,558.7526
240.1744,560.4879
240.1773,559.9306
240.1735,560.641
240.1786,559.6899
240.177,559.9957
240.1771,559.9753
240.182,559.0676
240.1813,559.1941
240.1738,560.6025
240.1765,560.0787
240.1752,560.3378
240.1723,560.8746
240.1755,560.2715
240.1767,560.0571
240.8869,559.8857
240.8838,560.4723
240.8842,560.4011
240.8853,560.182
240.892,558.9377
241.5949,560.1533
241.5945,560.2222
241.5999,559.2209
241.5929,560.5189
241.5991,559.3629
241.5941,560.3026
242.2984,561.2483
242.3069,559.6298
243.0192,559.0884
243.0115,560.5354
243.0193,559.0854
243.0148,559.9153
243.0093,560.9545
243.0123,560.3773
243.012,560.4384
243.0191,559.1153
243.0185,559.234
243.0133,560.1887
243.7243,559.876
243.7183,561.0102
243.7219,560.3388
243.7188,560.9149
243.7177,561.132
243.7233,560.0733
243.728,559.2031
243.7201,560.6805
243.7169,561.2831
243.7186,560.9529
244.4285,560.8566
244.4346,559.7031
244.4285,560.848
244.4359,559.473
244.4332,559.9638
244.4354,559.5605
244.4333,559.9595
244.4363,559.392
244.4299,560.5884
244.4333,559.9563
244.4287,560.8218
244.4293,560.7013
244.4263,561.2637
245.1432,559.8322
245.1442,559.6488
245.1397,560.5007
245.1442,559.6566
245.1447,559.5552
245.1429,559.8934
245.8534,559.6899
245.8508,560.1887
245.8548,559.4504
245.8498,560.3754
245.8532,559.7405
245.85,560.3375
245.8542,559.5513
245.8511,560.1226
245.8486,560.5911
246.5565,560.8593
246.5566,560.8436
246.5543,561.27
246.5577,560.6422
246.5652,559.23
246.5571,560.749
246.5572,560.7352
246.558,560.5779
246.5577,560.6273
246.5606,560.094
247.2683,560.3912
247.2706,559.9691
247.2731,559.5103
247.2695,560.1617
247.2656,560.8972
247.2717,559.7664
247.9816,559.6575
247.9811,559.749
247.9763,560.6441
247.9788,560.184
247.9805,559.8582
247.976,560.7077
247.9826,559.4724
248.6919,559.4703
248.6849,560.7784
248.6887,560.0657
248.6917,559.5121
248.6858,560.6163
248.6902,559.7881
248.6866,560.4733
248.6917,559.522
248.6859,560.5998
248.6896,559.9017
249.3923,561.1361
249.3986,559.9608
249.4012,559.4636
249.3943,560.7631
249.401,559.5138
249.3948,560.6613
249.4014,559.4401
249.4011,559.4959
250.1111,559.3588
250.1097,559.6207
250.1093,559.6867
250.1097,559.6172
250.1098,559.6056
250.1103,559.5189
250.1088,559.7902
250.1125,559.0972
250.1106,559.4564
250.1097,559.6136
250.815,560.3826
250.8205,559.3549
250.8175,559.9042
250.8199,559.4724
250.818,559.8032
250.8173,559.9399
250.8149,560.3943
250.819,559.6271
251.5283,559.6235
251.5287,559.549
251.5291,559.483
251.5244,560.3644
251.5247,560.3001
251.5292,559.4749
251.5254,560.173
251.5263,560.0023
251.5292,559.4643
251.5264,559.9802
251.5281,559.6729
251.5234,560.55
251.5291,559.4839
252.2388,559.4119
252.2397,559.2529
252.2324,560.6083
252.2379,559.5833
252.2353,560.0562
252.236,559.9307
252.2393,559.313
252.2345,560.2175
252.2395,559.2746
252.2341,560.2969
252.2376,559.6312
252.2336,560.3859
252.2351,560.0969
252.234,560.3069
252.237,559.7417
252.9458,559.7961
252.9452,559.905
252.9473,559.5262
252.9461,559.7345
252.9479,559.416
252.945,559.936
252.9471,559.5472
252.9441,560.1065
252.9486,559.2737
252.9476,559.4678
252.9446,560.0236
252.9457,559.8143
253.6534,560.123
253.6554,559.7462
253.6573,559.3975
253.6557,559.6896
253.6564,559.5565
253.6553,559.7657
253.6572,559.4095
253.6557,559.6942
253.6551,559.7997
253.6543,559.9422
254.3653,559.6265
254.366,559.5143
254.3644,559.7995
254.3644,559.8067
254.3657,559.5479
255.0753,559.5074
255.0751,559.5433
255.075,559.5602
255.0757,559.4469
255.0746,559.6381
255.0742,559.7131
255.0741,559.734
255.0742,559.7162
255.7836,559.6744
255.7844,559.5264
255.7835,559.7086
255.785,559.4365
255.7851,559.4034
255.7847,559.4881
256.4942,559.4515
256.493,559.6605
256.4944,559.4122
256.4933,559.6033
256.4932,559.6365
257.2037,559.4261
257.2036,559.4414
257.2035,559.47
257.2041,559.3486
257.2024,559.6655
257.9126,559.5118
257.9128,559.4706
257.9128,559.4745
257.9104,559.9089
257.9131,559.4037
257.9126,559.5005
257.9133,559.37
258.6205,559.7549
258.6222,559.4519
258.6214,559.5885
258.6229,559.3291
258.6205,559.7585
259.3304,559.6503
259.3318,559.394
259.3318,559.4014
259.3321,559.3405
259.3307,559.5966
259.3291,559.8889
260.0406,559.4803
260.0404,559.5169
260.0398,559.6279
260.0408,559.4553
260.0395,559.6833
260.0424,559.1542
260.0405,559.5114
260.0413,559.3608
260.0406,559.4933
260.7503,559.407
260.7499,559.488
260.7499,559.4922
260.7495,559.5532
260.7481,559.8218
260.7501,559.4563
260.7513,559.2178
261.4596,559.4243
261.4582,559.6653
261.4594,559.4456
261.4579,559.7291
261.4584,559.639
261.4601,559.3133
262.1697,559.2713
262.1666,559.8472
262.1664,559.8718
262.1702,559.1796
262.1674,559.694
262.1686,559.4739
262.166,559.9538
262.1669,559.786
262.8753,559.9728
262.8777,559.5266
262.8765,559.752
262.8778,559.5053
262.8757,559.8995
262.8768,559.6945
262.8769,559.6732
262.8789,559.3007
262.8761,559.8192
262.879,559.2751
262.8765,559.7372
